area,Date,C_025,C_25,C_50,C_75,C_975,provenance
Barking and Dagenham,2020-08-01,0.0,1.0,2.0,4.0,9.0,inferred
Barking and Dagenham,2020-08-02,0.0,1.0,2.0,4.0,9.0,inferred
Barking and Dagenham,2020-08-03,0.0,1.0,2.0,4.0,8.0,inferred
Barking and Dagenham,2020-08-04,0.0,1.0,2.0,4.0,8.0,inferred
Barking and Dagenham,2020-08-05,0.0,1.0,2.0,4.0,8.0,inferred
Barking and Dagenham,2020-08-06,0.0,1.0,2.0,3.0,8.0,inferred
Barking and Dagenham,2020-08-07,0.0,1.0,2.0,4.0,8.0,inferred
Barking and Dagenham,2020-08-08,0.0,1.0,2.0,4.0,8.0,inferred
Barking and Dagenham,2020-08-09,0.0,1.0,2.0,4.0,9.0,inferred
Barking and Dagenham,2020-08-10,0.0,1.0,3.0,4.0,9.0,inferred
Barking and Dagenham,2020-08-11,0.0,1.0,3.0,5.0,9.0,inferred
Barking and Dagenham,2020-08-12,0.0,1.8,3.0,5.0,10.0,inferred
Barking and Dagenham,2020-08-13,0.0,2.0,3.0,5.0,10.0,inferred
Barking and Dagenham,2020-08-14,0.0,2.0,3.0,6.0,11.0,inferred
Barking and Dagenham,2020-08-15,0.0,2.0,4.0,6.0,11.0,inferred
Barking and Dagenham,2020-08-16,0.0,2.0,4.0,6.0,12.0,inferred
Barking and Dagenham,2020-08-17,0.0,2.0,4.0,6.0,12.0,inferred
Barking and Dagenham,2020-08-18,0.0,2.0,4.0,6.0,13.0,inferred
Barking and Dagenham,2020-08-19,0.0,2.0,4.0,7.0,12.0,inferred
Barking and Dagenham,2020-08-20,0.0,2.0,4.0,6.0,12.0,inferred
Barking and Dagenham,2020-08-21,0.0,2.0,4.0,7.0,12.0,inferred
Barking and Dagenham,2020-08-22,0.0,2.0,4.0,6.0,12.0,inferred
Barking and Dagenham,2020-08-23,0.0,2.0,4.0,6.0,12.0,inferred
Barking and Dagenham,2020-08-24,0.0,2.0,4.0,6.0,12.0,inferred
Barking and Dagenham,2020-08-25,0.0,2.0,4.0,6.0,12.0,inferred
Barking and Dagenham,2020-08-26,0.0,2.0,4.0,6.0,12.0,inferred
Barking and Dagenham,2020-08-27,0.0,2.0,4.0,6.0,12.0,inferred
Barking and Dagenham,2020-08-28,0.0,2.0,4.0,7.0,13.0,inferred
Barking and Dagenham,2020-08-29,0.0,3.0,5.0,7.0,13.0,inferred
Barking and Dagenham,2020-08-30,1.0,3.0,5.0,8.0,14.0,inferred
Barking and Dagenham,2020-08-31,1.0,4.0,6.0,9.0,15.0,inferred
Barking and Dagenham,2020-09-01,1.0,4.0,7.0,10.0,16.0,inferred
Barking and Dagenham,2020-09-02,1.0,5.0,7.0,10.0,16.0,inferred
Barking and Dagenham,2020-09-03,2.0,5.0,7.0,10.0,17.0,inferred
Barking and Dagenham,2020-09-04,2.0,5.0,8.0,11.0,18.0,inferred
Barking and Dagenham,2020-09-05,2.0,5.0,8.0,11.0,17.0,inferred
Barking and Dagenham,2020-09-06,2.0,6.0,8.0,11.0,19.0,inferred
Barking and Dagenham,2020-09-07,2.0,6.0,9.0,12.0,19.0,inferred
Barking and Dagenham,2020-09-08,3.0,7.0,9.0,13.0,20.0,inferred
Barking and Dagenham,2020-09-09,3.0,7.0,10.0,13.0,21.0,inferred
Barking and Dagenham,2020-09-10,3.0,7.0,10.0,14.0,22.0,inferred
Barking and Dagenham,2020-09-11,3.0,7.0,10.0,14.0,22.0,inferred
Barking and Dagenham,2020-09-12,3.0,7.0,10.0,14.0,22.0,inferred
Barking and Dagenham,2020-09-13,3.0,7.0,10.0,14.0,22.0,inferred
Barking and Dagenham,2020-09-14,2.0,7.0,10.0,14.0,22.0,inferred
Barking and Dagenham,2020-09-15,3.0,7.0,10.0,14.0,22.0,inferred
Barking and Dagenham,2020-09-16,3.0,8.0,11.0,14.0,24.0,inferred
Barking and Dagenham,2020-09-17,4.0,9.0,12.0,16.0,25.0,inferred
Barking and Dagenham,2020-09-18,4.0,10.0,14.0,18.0,27.0,inferred
Barking and Dagenham,2020-09-19,5.0,11.0,15.0,19.0,28.0,inferred
Barking and Dagenham,2020-09-20,6.0,12.0,16.0,20.0,29.0,inferred
Barking and Dagenham,2020-09-21,6.0,12.0,16.0,21.0,31.0,inferred
Barking and Dagenham,2020-09-22,7.0,13.0,17.0,22.0,32.0,inferred
Barking and Dagenham,2020-09-23,7.0,13.0,17.0,22.0,33.0,inferred
Barking and Dagenham,2020-09-24,7.0,14.0,18.0,23.0,34.0,inferred
Barking and Dagenham,2020-09-25,7.0,14.0,18.0,23.0,33.0,inferred
Barking and Dagenham,2020-09-26,8.0,14.0,18.0,23.0,32.0,inferred
Barking and Dagenham,2020-09-27,8.0,14.0,18.0,23.0,33.0,inferred
Barking and Dagenham,2020-09-28,8.0,15.0,19.0,24.0,34.0,inferred
Barking and Dagenham,2020-09-29,9.0,15.0,20.0,24.0,35.0,inferred
Barking and Dagenham,2020-09-30,9.0,16.0,20.0,25.0,37.0,inferred
Barking and Dagenham,2020-10-01,9.0,17.0,21.0,27.0,38.0,inferred
Barking and Dagenham,2020-10-02,10.0,17.8,22.0,27.0,38.0,inferred
Barking and Dagenham,2020-10-03,11.0,18.0,23.0,28.0,40.0,inferred
Barking and Dagenham,2020-10-04,11.0,19.0,24.0,29.0,40.0,inferred
Barking and Dagenham,2020-10-05,12.0,20.0,25.0,30.0,44.0,inferred
Barking and Dagenham,2020-10-06,13.0,21.0,26.0,32.0,44.0,inferred
Barking and Dagenham,2020-10-07,14.0,22.0,28.0,34.0,45.0,inferred
Barking and Dagenham,2020-10-08,15.0,24.0,29.0,35.0,47.0,inferred
Barking and Dagenham,2020-10-09,16.0,25.0,30.0,36.0,48.0,inferred
Barking and Dagenham,2020-10-10,17.0,25.0,31.0,37.0,50.0,inferred
Barking and Dagenham,2020-10-11,17.0,26.0,31.0,37.2,50.0,inferred
Barking and Dagenham,2020-10-12,17.0,27.0,33.0,39.0,51.0,inferred
Barking and Dagenham,2020-10-13,18.0,28.0,33.0,39.0,52.0,inferred
Barking and Dagenham,2020-10-14,19.0,28.0,34.0,40.0,54.0,inferred
Barking and Dagenham,2020-10-15,20.0,30.0,35.0,42.0,55.0,inferred
Barking and Dagenham,2020-10-16,21.0,30.0,36.0,42.0,58.0,inferred
Barking and Dagenham,2020-10-17,22.0,31.0,37.0,44.0,59.0,inferred
Barking and Dagenham,2020-10-18,22.0,33.0,39.0,46.0,60.0,inferred
Barking and Dagenham,2020-10-19,24.0,35.0,41.0,47.0,62.0,inferred
Barking and Dagenham,2020-10-20,25.0,36.0,42.5,50.0,63.0,inferred
Barking and Dagenham,2020-10-21,26.0,37.0,44.0,51.0,65.0,inferred
Barking and Dagenham,2020-10-22,28.0,38.0,45.0,53.0,68.0,inferred
Barking and Dagenham,2020-10-23,29.0,41.0,48.0,56.0,73.0,inferred
Barking and Dagenham,2020-10-24,30.0,43.0,50.0,59.0,76.0,inferred
Barking and Dagenham,2020-10-25,32.0,45.0,53.0,61.0,79.0,inferred
Barking and Dagenham,2020-10-26,35.0,47.0,55.0,64.0,84.0,inferred
Barking and Dagenham,2020-10-27,35.0,49.0,57.0,66.0,85.0,inferred
Barking and Dagenham,2020-10-28,36.0,49.0,58.0,67.0,88.0,inferred
Barking and Dagenham,2020-10-29,34.0,50.0,59.0,68.0,88.0,inferred
Barking and Dagenham,2020-10-30,35.0,52.0,61.0,70.0,90.0,inferred
Barnet,2020-08-01,0.0,3.0,4.0,7.0,12.0,inferred
Barnet,2020-08-02,0.0,2.0,4.0,6.0,11.0,inferred
Barnet,2020-08-03,0.0,2.0,4.0,6.0,11.0,inferred
Barnet,2020-08-04,0.0,2.0,4.0,6.0,12.0,inferred
Barnet,2020-08-05,0.0,2.0,4.0,6.0,12.0,inferred
Barnet,2020-08-06,0.0,2.0,4.0,6.0,12.0,inferred
Barnet,2020-08-07,0.0,3.0,4.0,6.2,13.0,inferred
Barnet,2020-08-08,0.0,3.0,5.0,7.0,13.0,inferred
Barnet,2020-08-09,0.0,3.0,5.0,7.0,14.0,inferred
Barnet,2020-08-10,1.0,3.0,5.0,7.0,14.0,inferred
Barnet,2020-08-11,1.0,3.0,5.0,8.0,14.0,inferred
Barnet,2020-08-12,1.0,3.0,6.0,8.0,14.0,inferred
Barnet,2020-08-13,1.0,4.0,6.0,8.0,15.0,inferred
Barnet,2020-08-14,1.0,4.0,6.0,9.0,15.0,inferred
Barnet,2020-08-15,1.0,4.0,6.0,9.0,16.0,inferred
Barnet,2020-08-16,1.0,4.0,6.0,9.0,16.0,inferred
Barnet,2020-08-17,1.0,4.0,6.0,9.0,16.0,inferred
Barnet,2020-08-18,1.0,4.0,7.0,9.0,16.0,inferred
Barnet,2020-08-19,1.0,4.0,7.0,10.0,16.0,inferred
Barnet,2020-08-20,1.0,4.0,7.0,10.0,16.0,inferred
Barnet,2020-08-21,1.0,4.0,7.0,9.0,16.0,inferred
Barnet,2020-08-22,1.0,4.0,7.0,10.0,16.0,inferred
Barnet,2020-08-23,1.0,5.0,7.0,10.0,17.0,inferred
Barnet,2020-08-24,2.0,5.0,8.0,11.0,18.0,inferred
Barnet,2020-08-25,2.0,6.0,9.0,12.0,20.0,inferred
Barnet,2020-08-26,3.0,7.0,9.0,13.0,20.0,inferred
Barnet,2020-08-27,3.0,7.0,10.0,13.0,20.0,inferred
Barnet,2020-08-28,3.0,7.0,10.0,14.0,22.0,inferred
Barnet,2020-08-29,3.0,7.0,10.0,14.0,22.0,inferred
Barnet,2020-08-30,4.0,8.0,11.0,15.0,23.0,inferred
Barnet,2020-08-31,4.0,8.0,11.0,15.0,24.0,inferred
Barnet,2020-09-01,4.0,9.0,12.0,16.0,25.0,inferred
Barnet,2020-09-02,4.0,9.0,12.0,16.0,24.0,inferred
Barnet,2020-09-03,4.0,9.0,12.0,16.0,25.0,inferred
Barnet,2020-09-04,4.0,9.0,12.0,16.0,25.0,inferred
Barnet,2020-09-05,4.0,9.0,12.0,16.0,24.0,inferred
Barnet,2020-09-06,4.0,9.0,13.0,16.0,25.0,inferred
Barnet,2020-09-07,5.0,10.0,13.0,17.0,25.0,inferred
Barnet,2020-09-08,5.0,10.0,14.0,17.0,25.0,inferred
Barnet,2020-09-09,5.0,10.0,13.0,17.0,26.0,inferred
Barnet,2020-09-10,5.0,10.0,13.0,17.0,26.0,inferred
Barnet,2020-09-11,4.0,10.0,13.0,17.0,26.0,inferred
Barnet,2020-09-12,4.0,9.0,13.0,17.0,26.0,inferred
Barnet,2020-09-13,4.0,9.0,13.0,16.0,26.0,inferred
Barnet,2020-09-14,4.0,9.0,12.0,16.0,25.0,inferred
Barnet,2020-09-15,4.0,9.0,13.0,17.0,26.0,inferred
Barnet,2020-09-16,5.0,10.0,13.0,17.0,27.0,inferred
Barnet,2020-09-17,5.0,10.0,14.0,18.0,29.0,inferred
Barnet,2020-09-18,5.0,11.0,15.0,19.0,29.0,inferred
Barnet,2020-09-19,7.0,12.0,16.0,21.0,31.0,inferred
Barnet,2020-09-20,8.0,14.0,18.0,23.0,33.0,inferred
Barnet,2020-09-21,9.0,16.0,20.0,25.0,36.0,inferred
Barnet,2020-09-22,11.0,17.0,22.0,27.0,38.0,inferred
Barnet,2020-09-23,11.0,19.0,24.0,29.0,41.0,inferred
Barnet,2020-09-24,12.0,20.0,25.0,30.0,42.0,inferred
Barnet,2020-09-25,13.0,22.0,27.0,32.0,45.0,inferred
Barnet,2020-09-26,15.0,23.0,29.0,34.0,48.0,inferred
Barnet,2020-09-27,17.0,26.0,31.0,36.2,49.0,inferred
Barnet,2020-09-28,20.0,29.0,35.0,41.0,54.0,inferred
Barnet,2020-09-29,23.0,33.0,39.0,45.0,59.0,inferred
Barnet,2020-09-30,26.0,37.0,43.0,49.0,62.0,inferred
Barnet,2020-10-01,28.0,39.0,45.0,52.0,67.0,inferred
Barnet,2020-10-02,31.0,42.0,49.0,56.0,71.0,inferred
Barnet,2020-10-03,31.0,44.0,51.0,58.0,73.0,inferred
Barnet,2020-10-04,34.0,47.0,54.0,61.0,78.0,inferred
Barnet,2020-10-05,35.0,48.0,56.0,64.0,81.0,inferred
Barnet,2020-10-06,36.0,50.0,58.0,67.0,84.0,inferred
Barnet,2020-10-07,36.0,51.0,60.0,68.0,86.0,inferred
Barnet,2020-10-08,37.0,51.0,59.0,68.0,87.0,inferred
Barnet,2020-10-09,37.0,51.8,60.0,68.0,86.0,inferred
Barnet,2020-10-10,39.0,53.0,60.0,68.0,86.0,inferred
Barnet,2020-10-11,38.0,52.0,60.0,69.0,86.0,inferred
Barnet,2020-10-12,40.0,54.0,62.0,70.0,88.0,inferred
Barnet,2020-10-13,42.0,55.0,63.0,72.0,89.0,inferred
Barnet,2020-10-14,44.0,57.0,65.0,73.0,91.0,inferred
Barnet,2020-10-15,44.0,58.0,66.0,75.0,94.0,inferred
Barnet,2020-10-16,45.0,60.0,68.0,77.0,96.0,inferred
Barnet,2020-10-17,45.0,62.0,71.0,80.0,98.0,inferred
Barnet,2020-10-18,47.0,64.0,73.0,83.0,102.0,inferred
Barnet,2020-10-19,49.0,65.0,75.0,84.0,105.0,inferred
Barnet,2020-10-20,50.0,66.0,76.0,86.0,106.0,inferred
Barnet,2020-10-21,52.0,67.0,77.0,86.0,108.0,inferred
Barnet,2020-10-22,53.0,68.0,77.0,87.0,109.0,inferred
Barnet,2020-10-23,52.0,68.0,78.0,88.0,108.0,inferred
Barnet,2020-10-24,53.0,69.0,78.0,88.0,107.0,inferred
Barnet,2020-10-25,53.0,69.0,79.0,90.0,111.0,inferred
Barnet,2020-10-26,51.0,69.0,80.0,90.0,112.0,inferred
Barnet,2020-10-27,52.0,69.0,80.0,90.0,111.0,inferred
Barnet,2020-10-28,53.0,70.0,80.0,90.0,111.0,inferred
Barnet,2020-10-29,52.0,69.0,80.0,90.0,109.0,inferred
Barnet,2020-10-30,49.0,68.0,80.0,92.0,113.0,inferred
Basingstoke and Deane,2020-08-01,0.0,0.0,0.0,1.0,3.0,inferred
Basingstoke and Deane,2020-08-02,0.0,0.0,0.0,0.0,3.0,inferred
Basingstoke and Deane,2020-08-03,0.0,0.0,0.0,0.0,3.0,inferred
Basingstoke and Deane,2020-08-04,0.0,0.0,0.0,0.0,3.0,inferred
Basingstoke and Deane,2020-08-05,0.0,0.0,0.0,0.0,3.0,inferred
Basingstoke and Deane,2020-08-06,0.0,0.0,0.0,0.0,3.0,inferred
Basingstoke and Deane,2020-08-07,0.0,0.0,0.0,1.0,3.0,inferred
Basingstoke and Deane,2020-08-08,0.0,0.0,0.0,1.0,3.0,inferred
Basingstoke and Deane,2020-08-09,0.0,0.0,0.0,1.0,3.0,inferred
Basingstoke and Deane,2020-08-10,0.0,0.0,0.0,1.0,3.0,inferred
Basingstoke and Deane,2020-08-11,0.0,0.0,0.0,1.0,4.0,inferred
Basingstoke and Deane,2020-08-12,0.0,0.0,0.0,1.0,4.0,inferred
Basingstoke and Deane,2020-08-13,0.0,0.0,0.0,1.0,4.0,inferred
Basingstoke and Deane,2020-08-14,0.0,0.0,0.0,1.0,4.0,inferred
Basingstoke and Deane,2020-08-15,0.0,0.0,0.0,1.0,4.0,inferred
Basingstoke and Deane,2020-08-16,0.0,0.0,0.0,1.0,4.0,inferred
Basingstoke and Deane,2020-08-17,0.0,0.0,0.0,1.0,4.0,inferred
Basingstoke and Deane,2020-08-18,0.0,0.0,0.0,1.0,4.0,inferred
Basingstoke and Deane,2020-08-19,0.0,0.0,0.0,1.0,4.0,inferred
Basingstoke and Deane,2020-08-20,0.0,0.0,0.0,2.0,5.0,inferred
Basingstoke and Deane,2020-08-21,0.0,0.0,1.0,2.0,5.0,inferred
Basingstoke and Deane,2020-08-22,0.0,0.0,1.0,2.0,5.0,inferred
Basingstoke and Deane,2020-08-23,0.0,0.0,1.0,2.0,6.0,inferred
Basingstoke and Deane,2020-08-24,0.0,0.0,1.0,2.0,5.0,inferred
Basingstoke and Deane,2020-08-25,0.0,0.0,1.0,2.0,5.0,inferred
Basingstoke and Deane,2020-08-26,0.0,0.0,1.0,2.0,5.0,inferred
Basingstoke and Deane,2020-08-27,0.0,0.0,1.0,2.0,5.0,inferred
Basingstoke and Deane,2020-08-28,0.0,0.0,1.0,2.0,5.0,inferred
Basingstoke and Deane,2020-08-29,0.0,0.0,1.0,2.0,6.0,inferred
Basingstoke and Deane,2020-08-30,0.0,0.0,1.0,2.0,6.0,inferred
Basingstoke and Deane,2020-08-31,0.0,0.0,1.0,2.0,6.0,inferred
Basingstoke and Deane,2020-09-01,0.0,0.0,1.0,2.0,6.0,inferred
Basingstoke and Deane,2020-09-02,0.0,0.0,1.0,2.0,7.0,inferred
Basingstoke and Deane,2020-09-03,0.0,0.0,1.0,3.0,7.0,inferred
Basingstoke and Deane,2020-09-04,0.0,0.0,1.0,2.0,7.0,inferred
Basingstoke and Deane,2020-09-05,0.0,0.0,1.0,3.0,7.0,inferred
Basingstoke and Deane,2020-09-06,0.0,0.0,1.0,3.0,7.0,inferred
Basingstoke and Deane,2020-09-07,0.0,0.0,1.0,3.0,7.0,inferred
Basingstoke and Deane,2020-09-08,0.0,0.0,1.0,3.0,7.0,inferred
Basingstoke and Deane,2020-09-09,0.0,0.0,1.0,3.0,7.0,inferred
Basingstoke and Deane,2020-09-10,0.0,0.0,1.0,3.0,7.0,inferred
Basingstoke and Deane,2020-09-11,0.0,0.0,1.0,3.0,7.0,inferred
Basingstoke and Deane,2020-09-12,0.0,0.0,1.0,3.0,7.0,inferred
Basingstoke and Deane,2020-09-13,0.0,1.0,2.0,3.0,7.0,inferred
Basingstoke and Deane,2020-09-14,0.0,1.0,2.0,3.0,8.0,inferred
Basingstoke and Deane,2020-09-15,0.0,1.0,2.0,4.0,8.0,inferred
Basingstoke and Deane,2020-09-16,0.0,1.0,2.0,4.0,9.0,inferred
Basingstoke and Deane,2020-09-17,0.0,1.0,3.0,4.0,10.0,inferred
Basingstoke and Deane,2020-09-18,0.0,1.0,3.0,5.0,10.0,inferred
Basingstoke and Deane,2020-09-19,0.0,1.0,3.0,5.0,10.0,inferred
Basingstoke and Deane,2020-09-20,0.0,2.0,3.0,5.0,10.0,inferred
Basingstoke and Deane,2020-09-21,0.0,2.0,3.0,5.0,10.0,inferred
Basingstoke and Deane,2020-09-22,0.0,2.0,3.0,5.0,11.0,inferred
Basingstoke and Deane,2020-09-23,0.0,2.0,4.0,6.0,11.0,inferred
Basingstoke and Deane,2020-09-24,0.0,2.0,4.0,6.0,12.0,inferred
Basingstoke and Deane,2020-09-25,0.0,2.0,4.0,7.0,13.0,inferred
Basingstoke and Deane,2020-09-26,0.0,3.0,5.0,7.0,13.0,inferred
Basingstoke and Deane,2020-09-27,0.0,3.0,5.0,7.0,14.0,inferred
Basingstoke and Deane,2020-09-28,1.0,3.0,5.0,8.0,14.0,inferred
Basingstoke and Deane,2020-09-29,1.0,4.0,6.0,9.0,15.0,inferred
Basingstoke and Deane,2020-09-30,1.0,4.0,6.0,9.0,16.0,inferred
Basingstoke and Deane,2020-10-01,1.0,5.0,7.0,10.0,17.0,inferred
Basingstoke and Deane,2020-10-02,2.0,5.0,8.0,11.0,17.0,inferred
Basingstoke and Deane,2020-10-03,2.0,6.0,9.0,12.0,18.0,inferred
Basingstoke and Deane,2020-10-04,3.0,6.0,9.0,12.0,20.0,inferred
Basingstoke and Deane,2020-10-05,3.0,7.0,10.0,13.0,21.0,inferred
Basingstoke and Deane,2020-10-06,3.0,7.0,10.0,14.0,23.0,inferred
Basingstoke and Deane,2020-10-07,3.0,8.0,11.0,15.0,24.0,inferred
Basingstoke and Deane,2020-10-08,4.0,9.0,12.0,16.0,26.0,inferred
Basingstoke and Deane,2020-10-09,4.0,9.0,12.0,17.0,26.0,inferred
Basingstoke and Deane,2020-10-10,4.0,9.0,13.0,17.0,27.0,inferred
Basingstoke and Deane,2020-10-11,4.0,10.0,13.0,18.0,27.0,inferred
Basingstoke and Deane,2020-10-12,4.0,10.0,13.0,18.0,27.0,inferred
Basingstoke and Deane,2020-10-13,5.0,10.0,14.0,18.0,28.0,inferred
Basingstoke and Deane,2020-10-14,5.0,11.0,15.0,19.0,29.0,inferred
Basingstoke and Deane,2020-10-15,6.0,12.0,16.0,20.0,30.0,inferred
Basingstoke and Deane,2020-10-16,7.0,13.0,17.0,21.0,31.0,inferred
Basingstoke and Deane,2020-10-17,7.0,13.0,17.0,22.0,31.0,inferred
Basingstoke and Deane,2020-10-18,8.0,14.0,18.0,23.0,33.0,inferred
Basingstoke and Deane,2020-10-19,8.0,15.0,19.0,24.0,34.0,inferred
Basingstoke and Deane,2020-10-20,9.0,15.0,20.0,25.0,35.0,inferred
Basingstoke and Deane,2020-10-21,9.0,16.0,21.0,26.0,36.0,inferred
Basingstoke and Deane,2020-10-22,9.0,16.0,21.0,26.0,37.0,inferred
Basingstoke and Deane,2020-10-23,10.0,17.0,21.0,26.0,37.0,inferred
Basingstoke and Deane,2020-10-24,10.0,17.0,21.0,26.0,37.0,inferred
Basingstoke and Deane,2020-10-25,10.0,17.0,22.0,26.0,38.0,inferred
Basingstoke and Deane,2020-10-26,10.0,18.0,22.0,27.0,39.0,inferred
Basingstoke and Deane,2020-10-27,10.0,18.0,23.0,28.0,39.0,inferred
Basingstoke and Deane,2020-10-28,11.0,19.0,24.0,30.0,41.0,inferred
Basingstoke and Deane,2020-10-29,11.0,19.8,25.0,30.0,42.0,inferred
Basingstoke and Deane,2020-10-30,10.0,20.0,26.0,32.0,45.0,inferred
Bath and North East Somerset,2020-08-01,0.0,0.0,0.0,1.0,5.0,inferred
Bath and North East Somerset,2020-08-02,0.0,0.0,0.0,1.0,5.0,inferred
Bath and North East Somerset,2020-08-03,0.0,0.0,0.0,1.0,4.0,inferred
Bath and North East Somerset,2020-08-04,0.0,0.0,0.0,1.0,4.0,inferred
Bath and North East Somerset,2020-08-05,0.0,0.0,0.0,1.0,4.0,inferred
Bath and North East Somerset,2020-08-06,0.0,0.0,0.0,1.0,4.0,inferred
Bath and North East Somerset,2020-08-07,0.0,0.0,0.0,1.0,4.0,inferred
Bath and North East Somerset,2020-08-08,0.0,0.0,0.0,1.0,5.0,inferred
Bath and North East Somerset,2020-08-09,0.0,0.0,1.0,2.0,5.0,inferred
Bath and North East Somerset,2020-08-10,0.0,0.0,1.0,2.0,5.0,inferred
Bath and North East Somerset,2020-08-11,0.0,0.0,1.0,2.0,5.0,inferred
Bath and North East Somerset,2020-08-12,0.0,0.0,1.0,2.0,6.0,inferred
Bath and North East Somerset,2020-08-13,0.0,0.0,1.0,2.0,6.0,inferred
Bath and North East Somerset,2020-08-14,0.0,0.0,1.0,3.0,7.0,inferred
Bath and North East Somerset,2020-08-15,0.0,1.0,2.0,3.0,7.0,inferred
Bath and North East Somerset,2020-08-16,0.0,1.0,2.0,3.0,8.0,inferred
Bath and North East Somerset,2020-08-17,0.0,1.0,2.0,4.0,9.0,inferred
Bath and North East Somerset,2020-08-18,0.0,1.0,2.0,4.0,9.0,inferred
Bath and North East Somerset,2020-08-19,0.0,1.0,3.0,5.0,10.0,inferred
Bath and North East Somerset,2020-08-20,0.0,1.0,3.0,5.0,10.0,inferred
Bath and North East Somerset,2020-08-21,0.0,1.0,3.0,5.0,10.0,inferred
Bath and North East Somerset,2020-08-22,0.0,1.0,3.0,5.0,10.0,inferred
Bath and North East Somerset,2020-08-23,0.0,1.0,2.0,4.0,10.0,inferred
Bath and North East Somerset,2020-08-24,0.0,1.0,2.0,4.0,9.0,inferred
Bath and North East Somerset,2020-08-25,0.0,1.0,2.0,4.0,9.0,inferred
Bath and North East Somerset,2020-08-26,0.0,1.0,2.0,4.0,9.0,inferred
Bath and North East Somerset,2020-08-27,0.0,1.0,2.0,4.0,8.0,inferred
Bath and North East Somerset,2020-08-28,0.0,1.0,2.0,3.0,8.0,inferred
Bath and North East Somerset,2020-08-29,0.0,1.0,2.0,4.0,8.0,inferred
Bath and North East Somerset,2020-08-30,0.0,1.0,2.0,4.0,8.0,inferred
Bath and North East Somerset,2020-08-31,0.0,1.0,3.0,4.0,9.0,inferred
Bath and North East Somerset,2020-09-01,0.0,1.0,3.0,5.0,10.0,inferred
Bath and North East Somerset,2020-09-02,0.0,2.0,3.0,5.0,10.0,inferred
Bath and North East Somerset,2020-09-03,0.0,2.0,3.0,5.0,11.0,inferred
Bath and North East Somerset,2020-09-04,0.0,2.0,3.0,5.0,11.0,inferred
Bath and North East Somerset,2020-09-05,0.0,2.0,3.0,5.0,11.0,inferred
Bath and North East Somerset,2020-09-06,0.0,2.0,3.0,5.0,11.0,inferred
Bath and North East Somerset,2020-09-07,0.0,2.0,3.0,5.0,11.0,inferred
Bath and North East Somerset,2020-09-08,0.0,1.0,3.0,5.0,10.0,inferred
Bath and North East Somerset,2020-09-09,0.0,1.0,3.0,5.0,10.0,inferred
Bath and North East Somerset,2020-09-10,0.0,1.0,3.0,5.0,10.0,inferred
Bath and North East Somerset,2020-09-11,0.0,1.0,3.0,4.0,10.0,inferred
Bath and North East Somerset,2020-09-12,0.0,1.0,3.0,5.0,10.0,inferred
Bath and North East Somerset,2020-09-13,0.0,1.0,3.0,5.0,10.0,inferred
Bath and North East Somerset,2020-09-14,0.0,1.0,3.0,5.0,10.0,inferred
Bath and North East Somerset,2020-09-15,0.0,2.0,3.0,5.2,11.0,inferred
Bath and North East Somerset,2020-09-16,0.0,2.0,4.0,6.0,11.0,inferred
Bath and North East Somerset,2020-09-17,0.0,2.0,4.0,6.0,12.0,inferred
Bath and North East Somerset,2020-09-18,0.0,3.0,4.0,7.0,13.0,inferred
Bath and North East Somerset,2020-09-19,0.0,3.0,5.0,7.0,13.0,inferred
Bath and North East Somerset,2020-09-20,1.0,3.0,5.0,8.0,14.0,inferred
Bath and North East Somerset,2020-09-21,1.0,4.0,6.0,9.0,15.0,inferred
Bath and North East Somerset,2020-09-22,1.0,5.0,7.0,10.0,17.0,inferred
Bath and North East Somerset,2020-09-23,2.0,5.0,8.0,11.0,18.0,inferred
Bath and North East Somerset,2020-09-24,2.0,6.0,9.0,12.0,19.0,inferred
Bath and North East Somerset,2020-09-25,3.0,7.0,10.0,13.0,21.0,inferred
Bath and North East Somerset,2020-09-26,3.0,7.0,11.0,14.0,22.0,inferred
Bath and North East Somerset,2020-09-27,4.0,8.0,11.0,15.0,24.0,inferred
Bath and North East Somerset,2020-09-28,4.0,9.0,12.0,16.0,26.0,inferred
Bath and North East Somerset,2020-09-29,5.0,10.0,14.0,18.0,28.0,inferred
Bath and North East Somerset,2020-09-30,5.0,11.0,16.0,20.0,30.0,inferred
Bath and North East Somerset,2020-10-01,7.0,13.0,18.0,22.0,32.0,inferred
Bath and North East Somerset,2020-10-02,8.0,15.0,20.0,25.0,35.0,inferred
Bath and North East Somerset,2020-10-03,10.0,17.0,21.0,26.0,37.0,inferred
Bath and North East Somerset,2020-10-04,11.0,19.0,23.0,29.0,40.0,inferred
Bath and North East Somerset,2020-10-05,12.0,20.0,25.0,30.0,42.0,inferred
Bath and North East Somerset,2020-10-06,13.0,22.0,27.0,33.0,44.0,inferred
Bath and North East Somerset,2020-10-07,14.0,23.0,29.0,35.0,47.0,inferred
Bath and North East Somerset,2020-10-08,15.0,24.0,30.0,36.0,50.0,inferred
Bath and North East Somerset,2020-10-09,16.0,25.8,31.0,37.0,51.0,inferred
Bath and North East Somerset,2020-10-10,16.0,25.8,31.0,38.0,52.0,inferred
Bath and North East Somerset,2020-10-11,17.0,26.0,32.0,38.0,51.0,inferred
Bath and North East Somerset,2020-10-12,17.0,26.0,32.0,38.0,51.0,inferred
Bath and North East Somerset,2020-10-13,17.0,27.0,32.0,39.0,52.0,inferred
Bath and North East Somerset,2020-10-14,19.0,28.0,34.0,40.0,54.0,inferred
Bath and North East Somerset,2020-10-15,20.0,29.0,35.0,43.0,57.0,inferred
Bath and North East Somerset,2020-10-16,21.0,31.0,38.0,45.0,60.0,inferred
Bath and North East Somerset,2020-10-17,22.0,34.0,41.0,48.0,63.0,inferred
Bath and North East Somerset,2020-10-18,24.0,36.0,43.0,50.0,65.0,inferred
Bath and North East Somerset,2020-10-19,27.0,38.0,45.0,53.0,68.0,inferred
Bath and North East Somerset,2020-10-20,28.0,40.0,48.0,56.0,71.0,inferred
Bath and North East Somerset,2020-10-21,29.0,42.0,50.0,58.0,75.0,inferred
Bath and North East Somerset,2020-10-22,31.0,44.0,52.0,61.0,78.0,inferred
Bath and North East Somerset,2020-10-23,34.0,47.0,55.0,63.0,81.0,inferred
Bath and North East Somerset,2020-10-24,37.0,49.0,58.0,67.0,86.0,inferred
Bath and North East Somerset,2020-10-25,38.0,53.0,61.0,71.0,92.0,inferred
Bath and North East Somerset,2020-10-26,41.0,55.0,64.0,75.0,101.0,inferred
Bath and North East Somerset,2020-10-27,42.0,57.0,67.0,78.0,109.0,inferred
Bath and North East Somerset,2020-10-28,43.0,59.0,69.0,81.0,120.0,inferred
Bath and North East Somerset,2020-10-29,45.0,62.0,72.0,84.0,130.0,inferred
Bath and North East Somerset,2020-10-30,47.0,63.0,74.0,87.0,140.0,inferred
Bedford,2020-08-01,0.0,2.0,4.0,6.0,11.0,inferred
Bedford,2020-08-02,0.0,2.0,4.0,6.0,11.0,inferred
Bedford,2020-08-03,0.0,2.0,4.0,6.0,11.0,inferred
Bedford,2020-08-04,0.0,2.0,3.0,5.0,10.0,inferred
Bedford,2020-08-05,0.0,1.0,3.0,5.0,10.0,inferred
Bedford,2020-08-06,0.0,1.0,2.0,4.0,9.0,inferred
Bedford,2020-08-07,0.0,1.0,2.0,4.0,9.0,inferred
Bedford,2020-08-08,0.0,1.0,2.0,4.0,8.0,inferred
Bedford,2020-08-09,0.0,1.0,2.0,3.0,8.0,inferred
Bedford,2020-08-10,0.0,1.0,2.0,3.0,8.0,inferred
Bedford,2020-08-11,0.0,1.0,2.0,3.0,8.0,inferred
Bedford,2020-08-12,0.0,1.0,2.0,3.0,8.0,inferred
Bedford,2020-08-13,0.0,1.0,2.0,4.0,8.0,inferred
Bedford,2020-08-14,0.0,1.0,2.0,4.0,9.0,inferred
Bedford,2020-08-15,0.0,1.0,2.0,4.0,9.0,inferred
Bedford,2020-08-16,0.0,1.0,2.0,4.0,9.0,inferred
Bedford,2020-08-17,0.0,1.0,2.0,4.0,9.0,inferred
Bedford,2020-08-18,0.0,1.0,2.0,4.0,9.0,inferred
Bedford,2020-08-19,0.0,1.0,2.0,4.0,9.0,inferred
Bedford,2020-08-20,0.0,1.0,2.0,4.0,9.0,inferred
Bedford,2020-08-21,0.0,1.0,2.0,4.0,9.0,inferred
Bedford,2020-08-22,0.0,1.0,2.0,4.0,10.0,inferred
Bedford,2020-08-23,0.0,1.0,3.0,5.0,10.0,inferred
Bedford,2020-08-24,0.0,1.0,3.0,5.0,10.0,inferred
Bedford,2020-08-25,0.0,1.0,3.0,5.0,10.0,inferred
Bedford,2020-08-26,0.0,2.0,3.0,5.0,11.0,inferred
Bedford,2020-08-27,0.0,2.0,4.0,6.0,11.0,inferred
Bedford,2020-08-28,0.0,2.0,4.0,6.0,12.0,inferred
Bedford,2020-08-29,0.0,2.0,4.0,6.0,12.0,inferred
Bedford,2020-08-30,0.0,2.0,4.0,6.0,12.0,inferred
Bedford,2020-08-31,0.0,2.0,4.0,6.0,12.0,inferred
Bedford,2020-09-01,0.0,2.0,4.0,6.0,12.0,inferred
Bedford,2020-09-02,0.0,2.0,4.0,7.0,12.0,inferred
Bedford,2020-09-03,0.0,2.0,4.0,6.0,13.0,inferred
Bedford,2020-09-04,0.0,2.0,4.0,7.0,13.0,inferred
Bedford,2020-09-05,0.0,3.0,4.0,7.0,13.0,inferred
Bedford,2020-09-06,0.0,3.0,5.0,7.0,13.0,inferred
Bedford,2020-09-07,0.0,3.0,5.0,7.0,14.0,inferred
Bedford,2020-09-08,1.0,3.0,5.0,8.0,14.0,inferred
Bedford,2020-09-09,1.0,3.0,5.0,8.0,15.0,inferred
Bedford,2020-09-10,1.0,3.0,5.0,8.0,14.0,inferred
Bedford,2020-09-11,1.0,3.0,5.0,8.0,14.0,inferred
Bedford,2020-09-12,1.0,3.0,5.0,8.0,14.0,inferred
Bedford,2020-09-13,1.0,3.0,5.0,8.0,14.0,inferred
Bedford,2020-09-14,1.0,3.0,5.0,8.0,14.0,inferred
Bedford,2020-09-15,1.0,3.0,5.0,8.0,15.0,inferred
Bedford,2020-09-16,1.0,4.0,6.0,9.0,15.0,inferred
Bedford,2020-09-17,1.0,4.0,7.0,10.0,17.0,inferred
Bedford,2020-09-18,2.0,5.0,8.0,11.0,18.0,inferred
Bedford,2020-09-19,2.0,6.0,9.0,12.0,19.0,inferred
Bedford,2020-09-20,3.0,7.0,9.0,12.0,20.0,inferred
Bedford,2020-09-21,3.0,7.0,10.0,13.0,21.0,inferred
Bedford,2020-09-22,3.0,7.0,11.0,14.0,22.0,inferred
Bedford,2020-09-23,4.0,8.0,11.5,15.0,23.0,inferred
Bedford,2020-09-24,4.0,9.0,12.0,16.0,25.0,inferred
Bedford,2020-09-25,4.0,9.0,13.0,16.0,24.0,inferred
Bedford,2020-09-26,5.0,10.0,13.0,17.0,25.0,inferred
Bedford,2020-09-27,5.0,10.0,14.0,18.0,27.0,inferred
Bedford,2020-09-28,5.0,11.0,14.0,18.0,26.0,inferred
Bedford,2020-09-29,6.0,12.0,15.0,19.0,28.0,inferred
Bedford,2020-09-30,7.0,12.0,16.0,20.0,29.0,inferred
Bedford,2020-10-01,7.0,13.0,17.0,21.0,31.0,inferred
Bedford,2020-10-02,8.0,14.0,18.0,22.0,32.0,inferred
Bedford,2020-10-03,8.0,14.0,18.0,23.0,34.0,inferred
Bedford,2020-10-04,9.0,15.0,19.0,24.0,35.0,inferred
Bedford,2020-10-05,9.0,15.0,20.0,25.0,37.0,inferred
Bedford,2020-10-06,9.0,16.0,20.0,25.0,36.0,inferred
Bedford,2020-10-07,9.0,16.0,20.0,25.0,37.0,inferred
Bedford,2020-10-08,9.0,15.0,20.0,25.0,35.0,inferred
Bedford,2020-10-09,8.0,15.0,20.0,25.0,35.0,inferred
Bedford,2020-10-10,8.0,15.0,19.0,24.0,34.0,inferred
Bedford,2020-10-11,9.0,15.0,19.0,24.0,35.0,inferred
Bedford,2020-10-12,9.0,16.0,20.0,24.0,35.0,inferred
Bedford,2020-10-13,9.0,16.0,20.0,25.0,35.0,inferred
Bedford,2020-10-14,9.0,16.0,20.0,25.0,36.0,inferred
Bedford,2020-10-15,9.0,16.0,20.0,25.0,37.0,inferred
Bedford,2020-10-16,9.0,16.0,21.0,26.0,38.0,inferred
Bedford,2020-10-17,10.0,17.0,22.0,27.0,39.0,inferred
Bedford,2020-10-18,10.0,18.0,22.0,27.0,39.0,inferred
Bedford,2020-10-19,11.0,18.0,23.0,28.0,39.0,inferred
Bedford,2020-10-20,11.0,19.0,23.0,28.0,39.0,inferred
Bedford,2020-10-21,11.0,19.0,23.0,28.0,39.0,inferred
Bedford,2020-10-22,12.0,19.0,24.0,29.0,40.0,inferred
Bedford,2020-10-23,12.0,19.0,24.0,29.0,40.0,inferred
Bedford,2020-10-24,12.0,20.0,24.0,30.0,41.0,inferred
Bedford,2020-10-25,13.0,20.0,26.0,31.0,42.0,inferred
Bedford,2020-10-26,12.0,21.0,26.0,31.0,43.0,inferred
Bedford,2020-10-27,12.0,20.0,26.0,32.0,44.0,inferred
Bedford,2020-10-28,11.0,20.0,26.0,32.0,45.0,inferred
Bedford,2020-10-29,11.0,20.0,27.0,33.0,47.0,inferred
Bedford,2020-10-30,11.0,21.0,27.0,35.0,50.0,inferred
Birmingham,2020-08-01,10.0,17.0,21.0,25.0,35.0,inferred
Birmingham,2020-08-02,12.0,19.0,23.0,28.0,39.0,inferred
Birmingham,2020-08-03,14.0,22.0,27.0,32.0,43.0,inferred
Birmingham,2020-08-04,17.0,25.0,30.0,36.0,47.0,inferred
Birmingham,2020-08-05,19.0,28.0,33.0,39.0,51.0,inferred
Birmingham,2020-08-06,20.0,29.0,35.0,41.0,54.0,inferred
Birmingham,2020-08-07,21.0,31.0,37.0,44.0,58.0,inferred
Birmingham,2020-08-08,22.0,33.0,39.0,47.0,63.0,inferred
Birmingham,2020-08-09,24.0,36.0,42.0,50.0,66.0,inferred
Birmingham,2020-08-10,27.0,39.0,46.0,53.0,68.0,inferred
Birmingham,2020-08-11,30.0,41.0,48.0,56.0,70.0,inferred
Birmingham,2020-08-12,31.0,42.0,49.0,56.0,72.0,inferred
Birmingham,2020-08-13,30.0,42.0,49.0,56.0,72.0,inferred
Birmingham,2020-08-14,28.0,40.0,47.0,55.0,72.0,inferred
Birmingham,2020-08-15,26.0,38.0,45.0,52.0,69.0,inferred
Birmingham,2020-08-16,25.0,36.0,42.0,49.0,65.0,inferred
Birmingham,2020-08-17,24.0,35.0,41.0,48.0,62.0,inferred
Birmingham,2020-08-18,23.0,35.0,41.0,48.0,62.0,inferred
Birmingham,2020-08-19,24.0,36.0,42.0,49.0,64.0,inferred
Birmingham,2020-08-20,25.0,36.0,43.0,50.0,67.0,inferred
Birmingham,2020-08-21,25.0,37.0,44.0,51.0,67.0,inferred
Birmingham,2020-08-22,25.0,38.0,45.0,52.0,68.0,inferred
Birmingham,2020-08-23,26.0,38.0,46.0,53.0,69.0,inferred
Birmingham,2020-08-24,29.0,40.0,47.0,55.0,72.0,inferred
Birmingham,2020-08-25,31.0,43.0,51.0,59.0,76.0,inferred
Birmingham,2020-08-26,34.0,47.0,54.0,62.0,79.0,inferred
Birmingham,2020-08-27,38.0,51.0,59.0,68.0,86.0,inferred
Birmingham,2020-08-28,42.0,56.0,64.0,72.0,91.0,inferred
Birmingham,2020-08-29,46.0,60.0,69.0,78.0,98.0,inferred
Birmingham,2020-08-30,51.0,66.0,76.0,86.0,107.0,inferred
Birmingham,2020-08-31,57.0,74.0,83.0,94.0,115.0,inferred
Birmingham,2020-09-01,66.0,83.0,93.0,104.0,126.0,inferred
Birmingham,2020-09-02,74.0,92.0,103.0,114.0,138.0,inferred
Birmingham,2020-09-03,82.0,102.0,113.0,125.0,151.0,inferred
Birmingham,2020-09-04,89.0,109.0,120.0,133.0,162.0,inferred
Birmingham,2020-09-05,93.0,113.0,125.0,138.0,171.0,inferred
Birmingham,2020-09-06,97.0,117.0,130.0,144.0,174.0,inferred
Birmingham,2020-09-07,100.0,120.0,133.0,148.0,180.0,inferred
Birmingham,2020-09-08,103.0,125.0,137.0,151.0,180.0,inferred
Birmingham,2020-09-09,105.0,128.0,141.0,154.0,181.0,inferred
Birmingham,2020-09-10,107.0,129.0,143.0,156.0,181.0,inferred
Birmingham,2020-09-11,111.0,133.0,146.0,160.0,188.0,inferred
Birmingham,2020-09-12,112.0,136.0,149.0,164.0,192.0,inferred
Birmingham,2020-09-13,113.0,139.0,153.0,168.0,199.0,inferred
Birmingham,2020-09-14,115.0,144.0,160.0,176.0,208.0,inferred
Birmingham,2020-09-15,122.0,152.0,168.0,185.0,217.0,inferred
Birmingham,2020-09-16,131.0,162.0,178.0,194.0,228.0,inferred
Birmingham,2020-09-17,146.0,173.0,190.0,206.2,241.0,inferred
Birmingham,2020-09-18,156.0,183.0,200.0,218.0,255.0,inferred
Birmingham,2020-09-19,166.0,195.0,212.0,229.2,270.0,inferred
Birmingham,2020-09-20,172.0,201.0,220.0,239.0,278.0,inferred
Birmingham,2020-09-21,176.0,207.0,225.0,246.0,290.0,inferred
Birmingham,2020-09-22,177.0,209.0,229.0,252.0,297.0,inferred
Birmingham,2020-09-23,183.0,213.0,232.0,255.0,302.0,inferred
Birmingham,2020-09-24,187.0,216.0,234.0,257.0,299.0,inferred
Birmingham,2020-09-25,189.0,218.0,237.0,258.0,298.0,inferred
Birmingham,2020-09-26,193.0,222.0,239.0,258.0,295.0,inferred
Birmingham,2020-09-27,197.0,226.0,242.0,260.0,296.0,inferred
Birmingham,2020-09-28,201.0,229.0,247.0,265.0,299.0,inferred
Birmingham,2020-09-29,206.0,236.0,254.0,274.0,313.0,inferred
Birmingham,2020-09-30,210.0,245.0,263.0,282.0,320.0,inferred
Birmingham,2020-10-01,217.0,250.0,269.0,290.0,332.0,inferred
Birmingham,2020-10-02,220.0,253.0,273.0,294.0,335.0,inferred
Birmingham,2020-10-03,222.0,255.0,277.0,300.0,347.0,inferred
Birmingham,2020-10-04,221.0,259.0,282.0,308.0,363.0,inferred
Birmingham,2020-10-05,221.0,264.0,289.0,318.0,376.0,inferred
Birmingham,2020-10-06,228.0,270.0,299.0,330.0,388.0,inferred
Birmingham,2020-10-07,233.0,278.0,307.0,341.0,406.0,inferred
Birmingham,2020-10-08,236.0,285.0,313.0,346.0,411.0,inferred
Birmingham,2020-10-09,246.0,292.0,321.0,352.0,410.0,inferred
Birmingham,2020-10-10,254.0,297.0,325.0,353.0,411.0,inferred
Birmingham,2020-10-11,263.0,304.0,330.0,359.0,410.0,inferred
Birmingham,2020-10-12,273.0,312.0,336.0,362.0,409.0,inferred
Birmingham,2020-10-13,282.0,319.0,342.5,368.0,412.0,inferred
Birmingham,2020-10-14,291.0,329.0,352.0,376.2,424.0,inferred
Birmingham,2020-10-15,298.0,340.0,364.0,391.0,436.0,inferred
Birmingham,2020-10-16,310.0,351.0,377.0,403.0,451.0,inferred
Birmingham,2020-10-17,320.0,363.0,389.0,417.0,466.0,inferred
Birmingham,2020-10-18,332.0,376.0,401.0,426.0,472.0,inferred
Birmingham,2020-10-19,345.0,388.0,413.0,437.0,484.0,inferred
Birmingham,2020-10-20,360.0,400.0,422.0,446.0,496.0,inferred
Birmingham,2020-10-21,365.0,409.0,433.0,459.0,504.0,inferred
Birmingham,2020-10-22,375.0,419.0,445.0,471.0,518.0,inferred
Birmingham,2020-10-23,378.0,427.0,455.0,481.0,531.0,inferred
Birmingham,2020-10-24,393.0,438.0,465.0,491.0,543.0,inferred
Birmingham,2020-10-25,399.0,449.0,475.0,500.2,553.0,inferred
Birmingham,2020-10-26,397.0,457.0,486.0,513.0,564.0,inferred
Birmingham,2020-10-27,402.0,463.0,493.0,526.0,591.0,inferred
Birmingham,2020-10-28,405.0,470.0,502.0,540.0,624.0,inferred
Birmingham,2020-10-29,403.0,476.0,517.0,563.0,663.0,inferred
Birmingham,2020-10-30,412.0,482.0,530.5,578.0,700.0,inferred
Blaby,2020-08-01,0.0,0.0,0.0,1.0,5.0,inferred
Blaby,2020-08-02,0.0,0.0,1.0,2.0,5.0,inferred
Blaby,2020-08-03,0.0,0.0,1.0,2.0,6.0,inferred
Blaby,2020-08-04,0.0,0.0,1.0,2.0,5.0,inferred
Blaby,2020-08-05,0.0,0.0,1.0,2.0,5.0,inferred
Blaby,2020-08-06,0.0,0.0,1.0,2.0,5.0,inferred
Blaby,2020-08-07,0.0,0.0,1.0,2.0,5.0,inferred
Blaby,2020-08-08,0.0,0.0,1.0,2.0,6.0,inferred
Blaby,2020-08-09,0.0,0.0,1.0,2.0,5.0,inferred
Blaby,2020-08-10,0.0,0.0,1.0,2.0,6.0,inferred
Blaby,2020-08-11,0.0,0.0,1.0,2.0,6.0,inferred
Blaby,2020-08-12,0.0,0.0,1.0,2.0,7.0,inferred
Blaby,2020-08-13,0.0,0.0,1.0,3.0,7.0,inferred
Blaby,2020-08-14,0.0,0.0,2.0,3.0,7.0,inferred
Blaby,2020-08-15,0.0,1.0,2.0,3.0,8.0,inferred
Blaby,2020-08-16,0.0,1.0,2.0,4.0,8.0,inferred
Blaby,2020-08-17,0.0,1.0,2.0,4.0,9.0,inferred
Blaby,2020-08-18,0.0,1.0,2.0,4.0,10.0,inferred
Blaby,2020-08-19,0.0,1.0,3.0,5.0,10.0,inferred
Blaby,2020-08-20,0.0,1.0,3.0,5.0,10.0,inferred
Blaby,2020-08-21,0.0,1.0,3.0,5.0,10.0,inferred
Blaby,2020-08-22,0.0,1.0,3.0,5.0,10.0,inferred
Blaby,2020-08-23,0.0,1.0,3.0,5.0,10.0,inferred
Blaby,2020-08-24,0.0,1.0,3.0,5.0,10.0,inferred
Blaby,2020-08-25,0.0,1.0,3.0,5.0,10.0,inferred
Blaby,2020-08-26,0.0,1.0,3.0,5.0,10.0,inferred
Blaby,2020-08-27,0.0,1.0,3.0,5.0,10.0,inferred
Blaby,2020-08-28,0.0,1.0,3.0,5.0,10.0,inferred
Blaby,2020-08-29,0.0,2.0,3.0,5.0,11.0,inferred
Blaby,2020-08-30,0.0,2.0,3.0,5.0,11.0,inferred
Blaby,2020-08-31,0.0,2.0,4.0,6.0,11.0,inferred
Blaby,2020-09-01,0.0,3.0,5.0,7.0,12.0,inferred
Blaby,2020-09-02,1.0,3.0,5.0,8.0,14.0,inferred
Blaby,2020-09-03,1.0,4.0,6.0,8.0,14.0,inferred
Blaby,2020-09-04,1.0,4.0,6.0,9.0,15.0,inferred
Blaby,2020-09-05,1.0,4.0,7.0,9.0,16.0,inferred
Blaby,2020-09-06,1.0,5.0,7.0,10.0,17.0,inferred
Blaby,2020-09-07,2.0,5.0,8.0,10.0,18.0,inferred
Blaby,2020-09-08,2.0,6.0,8.0,11.0,18.0,inferred
Blaby,2020-09-09,2.0,6.0,8.0,11.0,19.0,inferred
Blaby,2020-09-10,2.0,6.0,9.0,12.0,19.0,inferred
Blaby,2020-09-11,2.0,6.0,9.0,12.0,20.0,inferred
Blaby,2020-09-12,2.0,6.0,9.0,12.0,19.0,inferred
Blaby,2020-09-13,2.0,6.0,9.0,12.0,20.0,inferred
Blaby,2020-09-14,2.0,6.0,9.0,12.0,20.0,inferred
Blaby,2020-09-15,3.0,7.0,9.0,13.0,21.0,inferred
Blaby,2020-09-16,2.0,7.0,10.0,13.0,21.0,inferred
Blaby,2020-09-17,2.0,6.0,9.0,13.0,20.0,inferred
Blaby,2020-09-18,2.0,6.0,9.0,13.0,21.0,inferred
Blaby,2020-09-19,2.0,6.0,9.0,12.0,20.0,inferred
Blaby,2020-09-20,2.0,6.0,9.0,13.0,21.0,inferred
Blaby,2020-09-21,2.0,6.0,9.0,13.0,22.0,inferred
Blaby,2020-09-22,2.0,7.0,10.0,13.0,22.0,inferred
Blaby,2020-09-23,3.0,7.0,10.0,13.0,22.0,inferred
Blaby,2020-09-24,3.0,7.0,10.0,14.0,22.0,inferred
Blaby,2020-09-25,3.0,7.0,10.0,14.0,22.0,inferred
Blaby,2020-09-26,3.0,7.0,10.0,14.0,22.0,inferred
Blaby,2020-09-27,4.0,8.0,11.0,15.0,23.0,inferred
Blaby,2020-09-28,4.0,8.0,11.0,15.0,24.0,inferred
Blaby,2020-09-29,4.0,9.0,12.0,16.0,25.0,inferred
Blaby,2020-09-30,5.0,10.0,13.0,17.0,26.0,inferred
Blaby,2020-10-01,5.0,11.0,15.0,19.0,27.0,inferred
Blaby,2020-10-02,7.0,12.0,16.0,20.0,29.0,inferred
Blaby,2020-10-03,7.0,13.0,16.0,21.0,30.0,inferred
Blaby,2020-10-04,8.0,14.0,18.0,22.0,32.0,inferred
Blaby,2020-10-05,8.0,14.0,18.0,23.0,33.0,inferred
Blaby,2020-10-06,9.0,15.0,19.0,24.0,34.0,inferred
Blaby,2020-10-07,9.0,16.0,20.0,25.0,34.0,inferred
Blaby,2020-10-08,10.0,16.0,21.0,26.0,36.0,inferred
Blaby,2020-10-09,10.0,17.0,21.0,25.0,36.0,inferred
Blaby,2020-10-10,10.0,17.0,21.0,26.0,36.0,inferred
Blaby,2020-10-11,10.0,17.0,22.0,27.0,36.0,inferred
Blaby,2020-10-12,10.0,18.0,22.0,27.0,38.0,inferred
Blaby,2020-10-13,11.0,19.0,24.0,29.0,39.0,inferred
Blaby,2020-10-14,12.0,20.0,25.0,30.0,42.0,inferred
Blaby,2020-10-15,13.0,21.0,26.0,31.0,42.0,inferred
Blaby,2020-10-16,14.0,21.0,26.0,31.0,43.0,inferred
Blaby,2020-10-17,14.0,22.0,27.0,32.0,44.0,inferred
Blaby,2020-10-18,14.0,22.0,28.0,33.0,45.0,inferred
Blaby,2020-10-19,15.0,24.0,29.0,35.0,48.0,inferred
Blaby,2020-10-20,17.0,26.0,31.0,37.2,50.0,inferred
Blaby,2020-10-21,18.0,28.0,34.0,40.0,53.0,inferred
Blaby,2020-10-22,20.0,30.0,36.0,42.0,57.0,inferred
Blaby,2020-10-23,21.0,31.0,37.0,44.0,60.0,inferred
Blaby,2020-10-24,21.0,32.0,38.0,46.0,62.0,inferred
Blaby,2020-10-25,23.0,33.0,40.0,47.0,63.0,inferred
Blaby,2020-10-26,23.0,33.0,40.0,48.0,65.0,inferred
Blaby,2020-10-27,23.0,34.8,41.0,49.0,65.0,inferred
Blaby,2020-10-28,24.0,35.0,42.0,49.0,65.0,inferred
Blaby,2020-10-29,24.0,36.0,43.0,51.0,67.0,inferred
Blaby,2020-10-30,25.0,38.0,45.0,53.0,70.0,inferred
Bracknell Forest,2020-08-01,0.0,0.0,0.0,0.0,2.0,inferred
Bracknell Forest,2020-08-02,0.0,0.0,0.0,0.0,2.0,inferred
Bracknell Forest,2020-08-03,0.0,0.0,0.0,0.0,1.0,inferred
Bracknell Forest,2020-08-04,0.0,0.0,0.0,0.0,1.0,inferred
Bracknell Forest,2020-08-05,0.0,0.0,0.0,0.0,1.0,inferred
Bracknell Forest,2020-08-06,0.0,0.0,0.0,0.0,2.0,inferred
Bracknell Forest,2020-08-07,0.0,0.0,0.0,0.0,2.0,inferred
Bracknell Forest,2020-08-08,0.0,0.0,0.0,0.0,3.0,inferred
Bracknell Forest,2020-08-09,0.0,0.0,0.0,0.0,3.0,inferred
Bracknell Forest,2020-08-10,0.0,0.0,0.0,1.0,3.0,inferred
Bracknell Forest,2020-08-11,0.0,0.0,0.0,1.0,3.0,inferred
Bracknell Forest,2020-08-12,0.0,0.0,0.0,1.0,4.0,inferred
Bracknell Forest,2020-08-13,0.0,0.0,0.0,1.0,4.0,inferred
Bracknell Forest,2020-08-14,0.0,0.0,0.0,1.0,5.0,inferred
Bracknell Forest,2020-08-15,0.0,0.0,0.0,1.0,5.0,inferred
Bracknell Forest,2020-08-16,0.0,0.0,0.0,1.0,5.0,inferred
Bracknell Forest,2020-08-17,0.0,0.0,0.0,1.0,5.0,inferred
Bracknell Forest,2020-08-18,0.0,0.0,0.0,1.0,5.0,inferred
Bracknell Forest,2020-08-19,0.0,0.0,0.0,1.0,5.0,inferred
Bracknell Forest,2020-08-20,0.0,0.0,1.0,1.0,5.0,inferred
Bracknell Forest,2020-08-21,0.0,0.0,0.0,2.0,5.0,inferred
Bracknell Forest,2020-08-22,0.0,0.0,1.0,2.0,5.0,inferred
Bracknell Forest,2020-08-23,0.0,0.0,1.0,2.0,5.0,inferred
Bracknell Forest,2020-08-24,0.0,0.0,1.0,2.0,5.0,inferred
Bracknell Forest,2020-08-25,0.0,0.0,1.0,2.0,6.0,inferred
Bracknell Forest,2020-08-26,0.0,0.0,1.0,2.0,6.0,inferred
Bracknell Forest,2020-08-27,0.0,0.0,1.0,2.0,6.0,inferred
Bracknell Forest,2020-08-28,0.0,0.0,1.0,3.0,6.0,inferred
Bracknell Forest,2020-08-29,0.0,0.0,1.0,3.0,7.0,inferred
Bracknell Forest,2020-08-30,0.0,1.0,1.0,3.0,7.0,inferred
Bracknell Forest,2020-08-31,0.0,1.0,2.0,3.0,8.0,inferred
Bracknell Forest,2020-09-01,0.0,1.0,2.0,4.0,8.0,inferred
Bracknell Forest,2020-09-02,0.0,1.0,2.0,4.0,9.0,inferred
Bracknell Forest,2020-09-03,0.0,1.0,3.0,4.0,10.0,inferred
Bracknell Forest,2020-09-04,0.0,1.0,3.0,5.0,9.0,inferred
Bracknell Forest,2020-09-05,0.0,1.0,3.0,5.0,10.0,inferred
Bracknell Forest,2020-09-06,0.0,2.0,3.0,5.0,10.0,inferred
Bracknell Forest,2020-09-07,0.0,2.0,3.0,5.0,11.0,inferred
Bracknell Forest,2020-09-08,0.0,2.0,3.0,5.0,11.0,inferred
Bracknell Forest,2020-09-09,0.0,2.0,3.0,6.0,12.0,inferred
Bracknell Forest,2020-09-10,0.0,2.0,3.0,6.0,11.0,inferred
Bracknell Forest,2020-09-11,0.0,2.0,3.0,6.0,11.0,inferred
Bracknell Forest,2020-09-12,0.0,2.0,3.0,6.0,11.0,inferred
Bracknell Forest,2020-09-13,0.0,2.0,3.0,5.0,11.0,inferred
Bracknell Forest,2020-09-14,0.0,2.0,3.0,5.0,10.0,inferred
Bracknell Forest,2020-09-15,0.0,1.0,3.0,5.0,10.0,inferred
Bracknell Forest,2020-09-16,0.0,1.0,3.0,5.0,10.0,inferred
Bracknell Forest,2020-09-17,0.0,1.0,3.0,5.0,10.0,inferred
Bracknell Forest,2020-09-18,0.0,1.0,3.0,5.0,10.0,inferred
Bracknell Forest,2020-09-19,0.0,1.0,3.0,5.0,10.0,inferred
Bracknell Forest,2020-09-20,0.0,1.0,3.0,5.0,10.0,inferred
Bracknell Forest,2020-09-21,0.0,2.0,3.0,5.0,11.0,inferred
Bracknell Forest,2020-09-22,0.0,2.0,3.0,5.0,11.0,inferred
Bracknell Forest,2020-09-23,0.0,2.0,3.0,6.0,11.0,inferred
Bracknell Forest,2020-09-24,0.0,2.0,4.0,6.0,11.0,inferred
Bracknell Forest,2020-09-25,0.0,2.0,4.0,6.0,11.0,inferred
Bracknell Forest,2020-09-26,0.0,2.0,4.0,6.0,12.0,inferred
Bracknell Forest,2020-09-27,0.0,3.0,5.0,7.0,13.0,inferred
Bracknell Forest,2020-09-28,1.0,3.0,5.0,7.0,13.0,inferred
Bracknell Forest,2020-09-29,1.0,3.0,5.0,8.0,14.0,inferred
Bracknell Forest,2020-09-30,1.0,4.0,6.0,9.0,15.0,inferred
Bracknell Forest,2020-10-01,1.0,4.0,6.0,9.0,16.0,inferred
Bracknell Forest,2020-10-02,1.0,5.0,7.0,10.0,18.0,inferred
Bracknell Forest,2020-10-03,2.0,5.0,8.0,11.0,18.0,inferred
Bracknell Forest,2020-10-04,2.0,6.0,8.0,11.0,19.0,inferred
Bracknell Forest,2020-10-05,2.0,6.0,8.0,12.0,20.0,inferred
Bracknell Forest,2020-10-06,2.0,6.0,9.0,12.0,20.0,inferred
Bracknell Forest,2020-10-07,2.0,6.0,9.0,12.0,20.0,inferred
Bracknell Forest,2020-10-08,2.0,6.0,9.0,12.0,20.0,inferred
Bracknell Forest,2020-10-09,2.0,6.0,9.0,13.0,21.0,inferred
Bracknell Forest,2020-10-10,3.0,7.0,10.0,13.0,21.0,inferred
Bracknell Forest,2020-10-11,3.0,7.0,11.0,14.0,22.0,inferred
Bracknell Forest,2020-10-12,3.0,8.0,11.0,15.0,24.0,inferred
Bracknell Forest,2020-10-13,4.0,9.0,12.0,16.0,25.0,inferred
Bracknell Forest,2020-10-14,4.0,9.0,12.0,17.0,25.0,inferred
Bracknell Forest,2020-10-15,4.0,9.0,13.0,17.0,26.0,inferred
Bracknell Forest,2020-10-16,4.0,10.0,13.0,18.0,27.0,inferred
Bracknell Forest,2020-10-17,5.0,10.0,14.0,18.0,28.0,inferred
Bracknell Forest,2020-10-18,5.0,11.0,15.0,19.0,29.0,inferred
Bracknell Forest,2020-10-19,6.0,12.0,15.0,19.0,30.0,inferred
Bracknell Forest,2020-10-20,6.0,12.0,16.0,20.0,30.0,inferred
Bracknell Forest,2020-10-21,6.0,12.0,16.0,20.0,30.0,inferred
Bracknell Forest,2020-10-22,7.0,12.0,16.0,21.0,30.0,inferred
Bracknell Forest,2020-10-23,7.0,13.0,16.0,20.0,30.0,inferred
Bracknell Forest,2020-10-24,7.0,13.0,17.0,21.0,30.0,inferred
Bracknell Forest,2020-10-25,8.0,14.0,17.0,22.0,31.0,inferred
Bracknell Forest,2020-10-26,8.0,14.0,18.0,22.0,31.0,inferred
Bracknell Forest,2020-10-27,7.0,14.0,17.0,22.0,32.0,inferred
Bracknell Forest,2020-10-28,7.0,13.0,18.0,22.0,32.0,inferred
Bracknell Forest,2020-10-29,7.0,14.0,18.0,22.0,32.0,inferred
Bracknell Forest,2020-10-30,7.0,14.0,18.0,23.0,33.0,inferred
Brent,2020-08-01,0.0,1.0,2.0,3.0,8.0,inferred
Brent,2020-08-02,0.0,0.0,1.0,3.0,7.0,inferred
Brent,2020-08-03,0.0,1.0,2.0,3.0,7.0,inferred
Brent,2020-08-04,0.0,1.0,2.0,4.0,8.0,inferred
Brent,2020-08-05,0.0,1.0,2.0,4.0,9.0,inferred
Brent,2020-08-06,0.0,1.0,3.0,5.0,10.0,inferred
Brent,2020-08-07,0.0,2.0,3.0,5.0,10.0,inferred
Brent,2020-08-08,0.0,2.0,3.0,6.0,11.0,inferred
Brent,2020-08-09,0.0,2.0,4.0,6.0,11.0,inferred
Brent,2020-08-10,0.0,2.0,4.0,6.0,11.0,inferred
Brent,2020-08-11,0.0,2.0,4.0,6.0,11.0,inferred
Brent,2020-08-12,0.0,2.0,4.0,6.0,11.0,inferred
Brent,2020-08-13,0.0,2.0,4.0,6.0,11.0,inferred
Brent,2020-08-14,0.0,2.0,3.0,6.0,11.0,inferred
Brent,2020-08-15,0.0,2.0,3.0,6.0,11.0,inferred
Brent,2020-08-16,0.0,2.0,4.0,6.0,11.0,inferred
Brent,2020-08-17,0.0,2.0,4.0,6.0,11.0,inferred
Brent,2020-08-18,0.0,2.0,4.0,6.0,12.0,inferred
Brent,2020-08-19,0.0,2.0,4.0,6.0,12.0,inferred
Brent,2020-08-20,0.0,2.0,4.0,6.0,11.0,inferred
Brent,2020-08-21,0.0,2.0,4.0,6.0,12.0,inferred
Brent,2020-08-22,0.0,2.0,4.0,6.0,12.0,inferred
Brent,2020-08-23,0.0,2.0,4.0,6.0,12.0,inferred
Brent,2020-08-24,0.0,3.0,4.0,7.0,13.0,inferred
Brent,2020-08-25,0.0,3.0,5.0,7.0,14.0,inferred
Brent,2020-08-26,1.0,3.0,5.0,8.0,14.0,inferred
Brent,2020-08-27,1.0,4.0,6.0,9.0,16.0,inferred
Brent,2020-08-28,1.0,4.0,7.0,9.0,16.0,inferred
Brent,2020-08-29,1.0,4.0,7.0,10.0,17.0,inferred
Brent,2020-08-30,1.0,5.0,7.0,10.0,17.0,inferred
Brent,2020-08-31,2.0,5.0,8.0,11.0,18.0,inferred
Brent,2020-09-01,2.0,6.0,8.0,11.0,19.0,inferred
Brent,2020-09-02,2.0,6.0,9.0,12.0,19.0,inferred
Brent,2020-09-03,3.0,6.0,9.0,12.0,20.0,inferred
Brent,2020-09-04,3.0,6.0,9.0,12.0,20.0,inferred
Brent,2020-09-05,3.0,7.0,10.0,13.0,21.0,inferred
Brent,2020-09-06,3.0,8.0,10.0,14.0,21.0,inferred
Brent,2020-09-07,3.0,8.0,11.0,15.0,22.0,inferred
Brent,2020-09-08,4.0,8.0,11.0,15.0,23.0,inferred
Brent,2020-09-09,4.0,9.0,12.0,16.0,23.0,inferred
Brent,2020-09-10,4.0,9.0,12.0,15.0,24.0,inferred
Brent,2020-09-11,4.0,9.0,12.0,15.0,24.0,inferred
Brent,2020-09-12,3.0,8.0,11.0,15.0,23.0,inferred
Brent,2020-09-13,4.0,8.0,12.0,15.0,24.0,inferred
Brent,2020-09-14,4.0,9.0,12.0,16.0,24.0,inferred
Brent,2020-09-15,4.0,9.0,12.0,16.0,24.0,inferred
Brent,2020-09-16,5.0,10.0,14.0,17.0,26.0,inferred
Brent,2020-09-17,6.0,11.0,15.0,19.0,28.0,inferred
Brent,2020-09-18,6.0,12.0,16.0,20.0,30.0,inferred
Brent,2020-09-19,8.0,13.0,17.0,22.0,32.0,inferred
Brent,2020-09-20,8.0,15.0,18.0,23.0,33.0,inferred
Brent,2020-09-21,9.0,16.0,20.0,25.0,35.0,inferred
Brent,2020-09-22,10.0,17.0,22.0,27.0,37.0,inferred
Brent,2020-09-23,11.0,18.0,23.0,28.0,39.0,inferred
Brent,2020-09-24,12.0,20.0,25.0,30.0,41.0,inferred
Brent,2020-09-25,13.0,20.0,25.0,30.0,42.0,inferred
Brent,2020-09-26,13.0,21.0,26.0,32.0,44.0,inferred
Brent,2020-09-27,14.0,22.0,27.0,32.0,45.0,inferred
Brent,2020-09-28,15.0,24.0,29.0,34.0,46.0,inferred
Brent,2020-09-29,16.0,25.0,31.0,37.0,49.0,inferred
Brent,2020-09-30,19.0,28.0,33.0,39.0,52.0,inferred
Brent,2020-10-01,20.0,29.0,34.0,41.0,54.0,inferred
Brent,2020-10-02,21.0,30.0,36.0,42.0,55.0,inferred
Brent,2020-10-03,22.0,31.0,37.0,44.0,57.0,inferred
Brent,2020-10-04,23.0,33.0,39.0,45.0,59.0,inferred
Brent,2020-10-05,24.0,35.0,42.0,48.0,63.0,inferred
Brent,2020-10-06,26.0,37.0,43.0,50.0,64.0,inferred
Brent,2020-10-07,26.0,37.0,44.0,51.0,66.0,inferred
Brent,2020-10-08,27.0,38.0,45.0,52.0,67.0,inferred
Brent,2020-10-09,27.0,38.0,45.0,53.0,69.0,inferred
Brent,2020-10-10,27.0,39.0,46.0,53.0,69.0,inferred
Brent,2020-10-11,28.0,40.0,47.0,54.0,69.0,inferred
Brent,2020-10-12,29.0,40.0,47.0,55.0,70.0,inferred
Brent,2020-10-13,30.0,42.0,49.0,56.0,72.0,inferred
Brent,2020-10-14,31.0,43.0,50.0,58.0,74.0,inferred
Brent,2020-10-15,31.0,43.0,51.0,59.0,76.0,inferred
Brent,2020-10-16,33.0,45.0,52.0,60.0,76.0,inferred
Brent,2020-10-17,32.0,45.0,52.0,60.0,76.0,inferred
Brent,2020-10-18,33.0,46.0,53.0,62.0,80.0,inferred
Brent,2020-10-19,34.0,47.0,55.0,63.0,79.0,inferred
Brent,2020-10-20,35.0,49.0,56.0,65.0,83.0,inferred
Brent,2020-10-21,38.0,50.0,58.0,66.0,83.0,inferred
Brent,2020-10-22,38.0,50.0,58.0,66.0,84.0,inferred
Brent,2020-10-23,38.0,52.0,59.0,68.0,85.0,inferred
Brent,2020-10-24,39.0,53.0,61.0,70.0,86.0,inferred
Brent,2020-10-25,39.0,54.0,62.0,71.0,88.0,inferred
Brent,2020-10-26,41.0,55.0,63.0,72.0,89.0,inferred
Brent,2020-10-27,43.0,56.0,64.0,73.0,92.0,inferred
Brent,2020-10-28,42.0,56.0,64.0,73.0,92.0,inferred
Brent,2020-10-29,41.0,56.0,65.0,74.0,92.0,inferred
Brent,2020-10-30,41.0,56.0,66.0,76.0,94.0,inferred
"Bristol, City of",2020-08-01,0.0,0.0,1.0,3.0,7.0,inferred
"Bristol, City of",2020-08-02,0.0,0.0,1.0,2.0,6.0,inferred
"Bristol, City of",2020-08-03,0.0,0.0,1.0,3.0,7.0,inferred
"Bristol, City of",2020-08-04,0.0,1.0,2.0,3.0,7.0,inferred
"Bristol, City of",2020-08-05,0.0,1.0,2.0,4.0,8.0,inferred
"Bristol, City of",2020-08-06,0.0,1.0,3.0,4.0,9.0,inferred
"Bristol, City of",2020-08-07,0.0,2.0,3.0,5.0,10.0,inferred
"Bristol, City of",2020-08-08,0.0,2.0,4.0,6.0,11.0,inferred
"Bristol, City of",2020-08-09,0.0,2.0,4.0,7.0,12.0,inferred
"Bristol, City of",2020-08-10,0.0,3.0,5.0,7.0,13.0,inferred
"Bristol, City of",2020-08-11,1.0,3.0,5.0,8.0,14.0,inferred
"Bristol, City of",2020-08-12,1.0,3.8,6.0,8.0,15.0,inferred
"Bristol, City of",2020-08-13,1.0,4.0,6.0,8.0,15.0,inferred
"Bristol, City of",2020-08-14,1.0,4.0,6.0,9.0,15.0,inferred
"Bristol, City of",2020-08-15,1.0,4.0,6.0,9.0,15.0,inferred
"Bristol, City of",2020-08-16,1.0,4.0,7.0,9.0,16.0,inferred
"Bristol, City of",2020-08-17,1.0,4.0,6.0,9.0,16.0,inferred
"Bristol, City of",2020-08-18,1.0,4.0,7.0,10.0,17.0,inferred
"Bristol, City of",2020-08-19,1.0,4.0,7.0,9.0,17.0,inferred
"Bristol, City of",2020-08-20,1.0,4.8,7.0,10.0,17.0,inferred
"Bristol, City of",2020-08-21,1.0,5.0,7.0,10.0,17.0,inferred
"Bristol, City of",2020-08-22,1.0,5.0,7.0,10.0,18.0,inferred
"Bristol, City of",2020-08-23,1.0,5.0,7.0,10.0,17.0,inferred
"Bristol, City of",2020-08-24,1.0,5.0,7.0,10.0,17.0,inferred
"Bristol, City of",2020-08-25,1.0,5.0,7.0,10.0,17.0,inferred
"Bristol, City of",2020-08-26,1.0,5.0,7.0,9.0,16.0,inferred
"Bristol, City of",2020-08-27,1.0,5.0,7.0,10.0,17.0,inferred
"Bristol, City of",2020-08-28,1.0,5.0,7.0,10.0,17.0,inferred
"Bristol, City of",2020-08-29,2.0,5.0,8.0,11.0,18.0,inferred
"Bristol, City of",2020-08-30,2.0,6.0,8.0,11.0,19.0,inferred
"Bristol, City of",2020-08-31,2.0,6.0,9.0,12.0,20.0,inferred
"Bristol, City of",2020-09-01,3.0,7.0,10.0,13.0,21.0,inferred
"Bristol, City of",2020-09-02,3.0,8.0,11.0,14.0,23.0,inferred
"Bristol, City of",2020-09-03,3.0,8.0,11.0,15.0,24.0,inferred
"Bristol, City of",2020-09-04,4.0,8.0,11.0,15.0,24.0,inferred
"Bristol, City of",2020-09-05,4.0,8.0,11.0,15.0,23.0,inferred
"Bristol, City of",2020-09-06,3.0,8.0,11.0,14.0,23.0,inferred
"Bristol, City of",2020-09-07,3.0,8.0,10.0,14.0,22.0,inferred
"Bristol, City of",2020-09-08,3.0,7.0,10.0,14.0,21.0,inferred
"Bristol, City of",2020-09-09,2.0,6.0,9.0,13.0,21.0,inferred
"Bristol, City of",2020-09-10,2.0,6.0,9.0,12.0,19.0,inferred
"Bristol, City of",2020-09-11,2.0,6.0,8.0,11.0,19.0,inferred
"Bristol, City of",2020-09-12,2.0,5.0,8.0,11.0,18.0,inferred
"Bristol, City of",2020-09-13,1.0,5.0,8.0,11.0,18.0,inferred
"Bristol, City of",2020-09-14,2.0,5.0,8.0,11.0,18.0,inferred
"Bristol, City of",2020-09-15,2.0,6.0,8.0,11.0,19.0,inferred
"Bristol, City of",2020-09-16,2.0,6.0,9.0,12.0,20.0,inferred
"Bristol, City of",2020-09-17,3.0,7.0,10.0,13.0,22.0,inferred
"Bristol, City of",2020-09-18,3.0,8.0,11.0,15.0,24.0,inferred
"Bristol, City of",2020-09-19,4.0,9.0,13.0,17.0,26.0,inferred
"Bristol, City of",2020-09-20,5.0,11.0,14.0,18.0,28.0,inferred
"Bristol, City of",2020-09-21,6.0,12.0,16.0,20.0,30.0,inferred
"Bristol, City of",2020-09-22,7.0,13.0,17.0,21.0,31.0,inferred
"Bristol, City of",2020-09-23,8.0,14.0,18.0,22.0,32.0,inferred
"Bristol, City of",2020-09-24,9.0,15.0,19.0,23.0,33.0,inferred
"Bristol, City of",2020-09-25,9.0,16.0,20.0,25.0,34.0,inferred
"Bristol, City of",2020-09-26,11.0,18.0,23.0,28.0,39.0,inferred
"Bristol, City of",2020-09-27,12.0,20.0,25.0,30.0,42.0,inferred
"Bristol, City of",2020-09-28,14.0,23.0,28.0,33.0,45.0,inferred
"Bristol, City of",2020-09-29,17.0,26.0,32.0,37.0,51.0,inferred
"Bristol, City of",2020-09-30,20.0,30.0,36.0,43.0,57.0,inferred
"Bristol, City of",2020-10-01,25.0,36.0,42.0,49.0,65.0,inferred
"Bristol, City of",2020-10-02,30.0,42.0,49.0,56.0,72.0,inferred
"Bristol, City of",2020-10-03,36.0,48.0,56.0,63.0,80.0,inferred
"Bristol, City of",2020-10-04,42.0,55.0,63.0,71.0,89.0,inferred
"Bristol, City of",2020-10-05,47.0,62.0,70.0,79.0,98.0,inferred
"Bristol, City of",2020-10-06,54.0,70.0,79.0,88.0,109.0,inferred
"Bristol, City of",2020-10-07,62.0,77.0,87.0,97.0,117.0,inferred
"Bristol, City of",2020-10-08,69.0,86.0,97.0,107.0,129.0,inferred
"Bristol, City of",2020-10-09,76.0,95.0,106.0,117.0,138.0,inferred
"Bristol, City of",2020-10-10,84.0,105.0,116.0,128.2,154.0,inferred
"Bristol, City of",2020-10-11,95.0,115.0,128.0,142.0,169.0,inferred
"Bristol, City of",2020-10-12,101.0,125.0,140.0,156.0,186.0,inferred
"Bristol, City of",2020-10-13,110.0,135.0,152.0,171.0,202.0,inferred
"Bristol, City of",2020-10-14,118.0,144.0,162.0,182.0,219.0,inferred
"Bristol, City of",2020-10-15,126.0,153.0,170.0,190.0,229.0,inferred
"Bristol, City of",2020-10-16,134.0,161.0,178.0,196.0,233.0,inferred
"Bristol, City of",2020-10-17,141.0,170.0,186.0,202.0,238.0,inferred
"Bristol, City of",2020-10-18,150.0,179.0,196.0,213.0,247.0,inferred
"Bristol, City of",2020-10-19,158.0,190.0,207.0,225.0,257.0,inferred
"Bristol, City of",2020-10-20,168.0,201.0,219.0,238.0,276.0,inferred
"Bristol, City of",2020-10-21,177.0,210.0,230.0,250.0,287.0,inferred
"Bristol, City of",2020-10-22,183.0,217.0,237.0,256.0,296.0,inferred
"Bristol, City of",2020-10-23,193.0,221.8,240.0,261.0,300.0,inferred
"Bristol, City of",2020-10-24,198.0,227.0,244.0,264.0,306.0,inferred
"Bristol, City of",2020-10-25,202.0,233.0,251.0,269.0,308.0,inferred
"Bristol, City of",2020-10-26,210.0,240.0,258.0,276.0,313.0,inferred
"Bristol, City of",2020-10-27,215.0,247.0,266.0,285.0,320.0,inferred
"Bristol, City of",2020-10-28,220.0,254.0,273.0,293.0,328.0,inferred
"Bristol, City of",2020-10-29,217.0,256.0,279.0,303.0,343.0,inferred
"Bristol, City of",2020-10-30,211.0,256.0,282.0,307.0,353.0,inferred
Bromley,2020-08-01,0.0,0.0,1.0,2.0,6.0,inferred
Bromley,2020-08-02,0.0,0.0,1.0,2.0,6.0,inferred
Bromley,2020-08-03,0.0,0.0,1.0,3.0,7.0,inferred
Bromley,2020-08-04,0.0,1.0,2.0,3.0,8.0,inferred
Bromley,2020-08-05,0.0,1.0,2.0,4.0,8.0,inferred
Bromley,2020-08-06,0.0,1.0,2.0,4.0,9.0,inferred
Bromley,2020-08-07,0.0,1.0,2.0,4.0,9.0,inferred
Bromley,2020-08-08,0.0,1.0,3.0,4.0,9.0,inferred
Bromley,2020-08-09,0.0,1.0,3.0,5.0,10.0,inferred
Bromley,2020-08-10,0.0,1.8,3.0,5.0,10.0,inferred
Bromley,2020-08-11,0.0,1.0,3.0,5.0,10.0,inferred
Bromley,2020-08-12,0.0,1.0,3.0,5.0,10.0,inferred
Bromley,2020-08-13,0.0,2.0,3.0,5.0,10.0,inferred
Bromley,2020-08-14,0.0,2.0,3.0,5.0,10.0,inferred
Bromley,2020-08-15,0.0,2.0,3.0,5.0,10.0,inferred
Bromley,2020-08-16,0.0,2.0,4.0,6.0,11.0,inferred
Bromley,2020-08-17,0.0,2.0,4.0,6.0,12.0,inferred
Bromley,2020-08-18,0.0,2.0,4.0,6.0,12.0,inferred
Bromley,2020-08-19,0.0,3.0,4.0,7.0,12.0,inferred
Bromley,2020-08-20,0.0,2.0,4.0,6.0,12.0,inferred
Bromley,2020-08-21,0.0,2.0,4.0,6.0,12.0,inferred
Bromley,2020-08-22,0.0,2.0,4.0,7.0,12.0,inferred
Bromley,2020-08-23,0.0,3.0,4.0,7.0,12.0,inferred
Bromley,2020-08-24,0.0,3.0,4.0,7.0,13.0,inferred
Bromley,2020-08-25,0.0,3.0,4.0,7.0,13.0,inferred
Bromley,2020-08-26,0.0,3.0,4.0,7.0,13.0,inferred
Bromley,2020-08-27,0.0,3.0,5.0,7.0,13.0,inferred
Bromley,2020-08-28,1.0,3.0,5.0,7.0,13.0,inferred
Bromley,2020-08-29,1.0,3.0,5.0,8.0,13.0,inferred
Bromley,2020-08-30,1.0,4.0,6.0,8.0,15.0,inferred
Bromley,2020-08-31,1.0,4.0,6.0,9.0,15.0,inferred
Bromley,2020-09-01,1.0,4.0,6.0,9.0,15.0,inferred
Bromley,2020-09-02,1.0,4.0,7.0,9.0,17.0,inferred
Bromley,2020-09-03,1.0,4.0,7.0,10.0,16.0,inferred
Bromley,2020-09-04,1.0,4.0,6.0,9.0,16.0,inferred
Bromley,2020-09-05,1.0,4.0,6.0,9.0,16.0,inferred
Bromley,2020-09-06,1.0,4.0,7.0,9.0,16.0,inferred
Bromley,2020-09-07,1.0,4.0,7.0,10.0,17.0,inferred
Bromley,2020-09-08,1.0,5.0,7.0,10.0,17.0,inferred
Bromley,2020-09-09,1.0,5.0,7.0,10.0,18.0,inferred
Bromley,2020-09-10,1.0,5.0,7.0,10.0,17.0,inferred
Bromley,2020-09-11,1.0,5.0,7.0,11.0,18.0,inferred
Bromley,2020-09-12,1.0,5.0,7.0,10.0,18.0,inferred
Bromley,2020-09-13,1.0,5.0,7.0,10.0,17.0,inferred
Bromley,2020-09-14,2.0,5.0,7.0,10.0,17.0,inferred
Bromley,2020-09-15,1.0,5.0,7.0,10.0,17.0,inferred
Bromley,2020-09-16,1.0,5.0,7.0,11.0,17.0,inferred
Bromley,2020-09-17,2.0,5.0,8.0,11.0,18.0,inferred
Bromley,2020-09-18,2.0,5.0,8.0,11.0,18.0,inferred
Bromley,2020-09-19,2.0,6.0,8.0,11.0,18.0,inferred
Bromley,2020-09-20,2.0,6.0,9.0,12.0,20.0,inferred
Bromley,2020-09-21,3.0,7.0,10.0,14.0,22.0,inferred
Bromley,2020-09-22,4.0,8.0,11.0,15.0,23.0,inferred
Bromley,2020-09-23,5.0,9.0,13.0,17.0,25.0,inferred
Bromley,2020-09-24,5.0,10.0,14.0,18.0,26.0,inferred
Bromley,2020-09-25,6.0,11.0,15.0,19.0,28.0,inferred
Bromley,2020-09-26,7.0,12.0,16.0,20.0,30.0,inferred
Bromley,2020-09-27,7.0,13.0,17.0,22.0,31.0,inferred
Bromley,2020-09-28,8.0,15.0,19.0,23.0,34.0,inferred
Bromley,2020-09-29,9.0,16.0,21.0,25.0,36.0,inferred
Bromley,2020-09-30,10.0,17.0,22.0,27.0,38.0,inferred
Bromley,2020-10-01,11.0,19.0,23.0,28.0,40.0,inferred
Bromley,2020-10-02,12.0,20.0,25.0,30.0,41.0,inferred
Bromley,2020-10-03,13.0,21.0,27.0,32.0,43.0,inferred
Bromley,2020-10-04,14.0,23.0,28.0,33.0,46.0,inferred
Bromley,2020-10-05,15.0,24.0,29.0,34.0,47.0,inferred
Bromley,2020-10-06,16.0,24.0,30.0,36.0,49.0,inferred
Bromley,2020-10-07,17.0,25.0,31.0,37.0,50.0,inferred
Bromley,2020-10-08,18.0,27.0,32.0,38.0,52.0,inferred
Bromley,2020-10-09,18.0,27.0,32.0,39.0,54.0,inferred
Bromley,2020-10-10,19.0,28.0,34.0,41.0,58.0,inferred
Bromley,2020-10-11,20.0,30.0,36.0,43.0,61.0,inferred
Bromley,2020-10-12,22.0,32.0,39.0,47.0,66.0,inferred
Bromley,2020-10-13,23.0,34.0,41.0,50.0,70.0,inferred
Bromley,2020-10-14,25.0,36.0,43.0,52.0,71.0,inferred
Bromley,2020-10-15,26.0,37.0,45.0,53.0,71.0,inferred
Bromley,2020-10-16,27.0,39.0,46.0,54.0,72.0,inferred
Bromley,2020-10-17,29.0,41.0,48.0,55.0,72.0,inferred
Bromley,2020-10-18,30.0,42.0,49.0,57.0,73.0,inferred
Bromley,2020-10-19,30.0,44.0,51.0,59.0,76.0,inferred
Bromley,2020-10-20,33.0,46.0,53.0,61.0,78.0,inferred
Bromley,2020-10-21,33.0,47.0,55.0,63.0,82.0,inferred
Bromley,2020-10-22,34.0,47.0,55.0,65.0,82.0,inferred
Bromley,2020-10-23,34.0,48.0,56.0,64.0,83.0,inferred
Bromley,2020-10-24,34.0,47.0,55.0,64.0,83.0,inferred
Bromley,2020-10-25,33.0,46.0,55.0,63.0,81.0,inferred
Bromley,2020-10-26,32.0,46.0,54.0,62.0,81.0,inferred
Bromley,2020-10-27,33.0,45.0,54.0,62.0,81.0,inferred
Bromley,2020-10-28,33.0,46.0,54.0,63.0,82.0,inferred
Bromley,2020-10-29,32.0,46.0,54.0,63.0,83.0,inferred
Bromley,2020-10-30,31.0,46.0,55.0,65.0,84.0,inferred
Bromsgrove,2020-08-01,0.0,0.0,0.0,1.0,4.0,inferred
Bromsgrove,2020-08-02,0.0,0.0,0.0,1.0,4.0,inferred
Bromsgrove,2020-08-03,0.0,0.0,0.0,1.0,4.0,inferred
Bromsgrove,2020-08-04,0.0,0.0,0.0,1.0,5.0,inferred
Bromsgrove,2020-08-05,0.0,0.0,1.0,1.0,5.0,inferred
Bromsgrove,2020-08-06,0.0,0.0,1.0,2.0,6.0,inferred
Bromsgrove,2020-08-07,0.0,0.0,1.0,2.0,5.0,inferred
Bromsgrove,2020-08-08,0.0,0.0,1.0,2.0,6.0,inferred
Bromsgrove,2020-08-09,0.0,0.0,1.0,2.0,5.0,inferred
Bromsgrove,2020-08-10,0.0,0.0,1.0,2.0,6.0,inferred
Bromsgrove,2020-08-11,0.0,0.0,1.0,2.0,6.0,inferred
Bromsgrove,2020-08-12,0.0,0.0,1.0,2.0,6.0,inferred
Bromsgrove,2020-08-13,0.0,0.0,1.0,2.0,6.0,inferred
Bromsgrove,2020-08-14,0.0,0.0,1.0,2.0,6.0,inferred
Bromsgrove,2020-08-15,0.0,0.0,1.0,2.0,6.0,inferred
Bromsgrove,2020-08-16,0.0,0.0,1.0,2.0,6.0,inferred
Bromsgrove,2020-08-17,0.0,0.0,1.0,2.0,6.0,inferred
Bromsgrove,2020-08-18,0.0,0.0,1.0,2.0,6.0,inferred
Bromsgrove,2020-08-19,0.0,0.0,1.0,2.0,6.0,inferred
Bromsgrove,2020-08-20,0.0,0.0,1.0,2.0,6.0,inferred
Bromsgrove,2020-08-21,0.0,0.0,1.0,2.0,6.0,inferred
Bromsgrove,2020-08-22,0.0,0.0,1.0,2.0,6.0,inferred
Bromsgrove,2020-08-23,0.0,0.0,1.0,2.0,6.0,inferred
Bromsgrove,2020-08-24,0.0,0.0,1.0,2.0,6.0,inferred
Bromsgrove,2020-08-25,0.0,0.0,1.0,2.0,6.0,inferred
Bromsgrove,2020-08-26,0.0,0.0,1.0,2.0,7.0,inferred
Bromsgrove,2020-08-27,0.0,0.0,1.0,3.0,7.0,inferred
Bromsgrove,2020-08-28,0.0,0.0,1.0,3.0,7.0,inferred
Bromsgrove,2020-08-29,0.0,1.0,2.0,3.0,7.0,inferred
Bromsgrove,2020-08-30,0.0,1.0,2.0,3.0,8.0,inferred
Bromsgrove,2020-08-31,0.0,1.0,2.0,4.0,8.0,inferred
Bromsgrove,2020-09-01,0.0,1.0,2.0,4.0,9.0,inferred
Bromsgrove,2020-09-02,0.0,1.0,3.0,5.0,9.0,inferred
Bromsgrove,2020-09-03,0.0,2.0,3.0,5.0,10.0,inferred
Bromsgrove,2020-09-04,0.0,2.0,3.0,5.0,11.0,inferred
Bromsgrove,2020-09-05,0.0,2.0,3.0,5.0,11.0,inferred
Bromsgrove,2020-09-06,0.0,2.0,4.0,6.0,11.0,inferred
Bromsgrove,2020-09-07,0.0,2.0,4.0,6.0,11.0,inferred
Bromsgrove,2020-09-08,0.0,2.0,4.0,6.0,11.0,inferred
Bromsgrove,2020-09-09,0.0,2.0,3.0,6.0,11.0,inferred
Bromsgrove,2020-09-10,0.0,2.0,3.0,5.0,10.0,inferred
Bromsgrove,2020-09-11,0.0,2.0,3.0,5.0,10.0,inferred
Bromsgrove,2020-09-12,0.0,2.0,3.0,5.0,10.0,inferred
Bromsgrove,2020-09-13,0.0,2.0,3.0,5.0,11.0,inferred
Bromsgrove,2020-09-14,0.0,2.0,3.0,6.0,11.0,inferred
Bromsgrove,2020-09-15,0.0,2.0,3.0,6.0,11.0,inferred
Bromsgrove,2020-09-16,0.0,2.0,4.0,6.0,12.0,inferred
Bromsgrove,2020-09-17,0.0,2.0,4.0,6.0,11.0,inferred
Bromsgrove,2020-09-18,0.0,2.0,4.0,6.0,12.0,inferred
Bromsgrove,2020-09-19,0.0,2.0,4.0,7.0,12.0,inferred
Bromsgrove,2020-09-20,0.0,3.0,5.0,7.0,13.0,inferred
Bromsgrove,2020-09-21,0.0,3.0,5.0,7.0,13.0,inferred
Bromsgrove,2020-09-22,1.0,3.0,5.0,8.0,14.0,inferred
Bromsgrove,2020-09-23,1.0,3.0,5.0,8.0,14.0,inferred
Bromsgrove,2020-09-24,1.0,4.0,6.0,9.0,15.0,inferred
Bromsgrove,2020-09-25,1.0,5.0,7.0,10.0,18.0,inferred
Bromsgrove,2020-09-26,2.0,5.0,8.0,11.0,19.0,inferred
Bromsgrove,2020-09-27,2.0,6.0,9.0,12.0,21.0,inferred
Bromsgrove,2020-09-28,3.0,7.0,10.0,14.0,22.0,inferred
Bromsgrove,2020-09-29,3.0,8.0,12.0,15.0,24.0,inferred
Bromsgrove,2020-09-30,4.0,9.0,13.0,17.0,25.0,inferred
Bromsgrove,2020-10-01,5.0,10.0,13.0,17.0,26.0,inferred
Bromsgrove,2020-10-02,5.0,11.0,14.0,18.0,26.0,inferred
Bromsgrove,2020-10-03,6.0,11.0,15.0,19.0,28.0,inferred
Bromsgrove,2020-10-04,6.0,12.0,15.0,20.0,28.0,inferred
Bromsgrove,2020-10-05,6.0,12.0,16.0,20.0,30.0,inferred
Bromsgrove,2020-10-06,7.0,13.0,17.0,21.0,30.0,inferred
Bromsgrove,2020-10-07,7.0,13.0,17.0,22.0,31.0,inferred
Bromsgrove,2020-10-08,8.0,14.0,18.0,22.0,32.0,inferred
Bromsgrove,2020-10-09,8.0,15.0,19.0,23.0,33.0,inferred
Bromsgrove,2020-10-10,9.0,16.0,20.0,25.0,34.0,inferred
Bromsgrove,2020-10-11,9.0,17.0,21.0,26.0,37.0,inferred
Bromsgrove,2020-10-12,10.0,17.0,22.0,26.0,38.0,inferred
Bromsgrove,2020-10-13,11.0,18.0,23.0,28.0,38.0,inferred
Bromsgrove,2020-10-14,11.0,18.0,23.0,28.0,39.0,inferred
Bromsgrove,2020-10-15,12.0,18.0,23.0,28.0,39.0,inferred
Bromsgrove,2020-10-16,11.0,18.0,23.0,28.0,40.0,inferred
Bromsgrove,2020-10-17,11.0,19.0,23.0,28.0,40.0,inferred
Bromsgrove,2020-10-18,11.0,19.0,24.0,29.0,40.0,inferred
Bromsgrove,2020-10-19,12.0,20.0,24.0,30.0,41.0,inferred
Bromsgrove,2020-10-20,12.0,20.0,25.0,31.0,43.0,inferred
Bromsgrove,2020-10-21,13.0,21.0,27.0,32.0,44.0,inferred
Bromsgrove,2020-10-22,14.0,22.0,27.0,32.0,45.0,inferred
Bromsgrove,2020-10-23,14.0,23.0,28.0,33.0,44.0,inferred
Bromsgrove,2020-10-24,14.0,23.0,28.0,34.0,46.0,inferred
Bromsgrove,2020-10-25,15.0,23.0,29.0,35.0,46.0,inferred
Bromsgrove,2020-10-26,15.0,24.0,30.0,35.0,48.0,inferred
Bromsgrove,2020-10-27,15.0,25.0,30.0,36.0,49.0,inferred
Bromsgrove,2020-10-28,16.0,25.0,31.0,37.0,49.0,inferred
Bromsgrove,2020-10-29,17.0,26.0,32.0,38.0,50.0,inferred
Bromsgrove,2020-10-30,17.0,27.0,32.0,39.0,52.0,inferred
Broxbourne,2020-08-01,0.0,0.0,0.0,1.0,4.0,inferred
Broxbourne,2020-08-02,0.0,0.0,0.0,1.0,4.0,inferred
Broxbourne,2020-08-03,0.0,0.0,0.0,1.0,4.0,inferred
Broxbourne,2020-08-04,0.0,0.0,0.0,1.0,4.0,inferred
Broxbourne,2020-08-05,0.0,0.0,0.0,1.0,4.0,inferred
Broxbourne,2020-08-06,0.0,0.0,0.0,1.0,4.0,inferred
Broxbourne,2020-08-07,0.0,0.0,0.0,1.0,4.0,inferred
Broxbourne,2020-08-08,0.0,0.0,0.0,1.0,4.0,inferred
Broxbourne,2020-08-09,0.0,0.0,0.0,1.0,4.0,inferred
Broxbourne,2020-08-10,0.0,0.0,0.0,1.0,4.0,inferred
Broxbourne,2020-08-11,0.0,0.0,0.0,1.0,4.0,inferred
Broxbourne,2020-08-12,0.0,0.0,0.0,1.0,4.0,inferred
Broxbourne,2020-08-13,0.0,0.0,0.0,1.0,5.0,inferred
Broxbourne,2020-08-14,0.0,0.0,0.0,1.0,5.0,inferred
Broxbourne,2020-08-15,0.0,0.0,1.0,2.0,5.0,inferred
Broxbourne,2020-08-16,0.0,0.0,1.0,2.0,6.0,inferred
Broxbourne,2020-08-17,0.0,0.0,1.0,2.0,6.0,inferred
Broxbourne,2020-08-18,0.0,0.0,1.0,2.0,6.0,inferred
Broxbourne,2020-08-19,0.0,0.0,1.0,2.0,6.0,inferred
Broxbourne,2020-08-20,0.0,0.0,1.0,2.0,6.0,inferred
Broxbourne,2020-08-21,0.0,0.0,1.0,2.0,6.0,inferred
Broxbourne,2020-08-22,0.0,0.0,1.0,2.0,6.0,inferred
Broxbourne,2020-08-23,0.0,0.0,1.0,2.0,6.0,inferred
Broxbourne,2020-08-24,0.0,0.0,1.0,2.0,6.0,inferred
Broxbourne,2020-08-25,0.0,0.0,1.0,2.0,6.0,inferred
Broxbourne,2020-08-26,0.0,0.0,1.0,2.0,6.0,inferred
Broxbourne,2020-08-27,0.0,0.0,1.0,3.0,7.0,inferred
Broxbourne,2020-08-28,0.0,0.0,1.0,3.0,7.0,inferred
Broxbourne,2020-08-29,0.0,1.0,2.0,3.0,8.0,inferred
Broxbourne,2020-08-30,0.0,1.0,2.0,4.0,8.0,inferred
Broxbourne,2020-08-31,0.0,1.0,2.0,4.0,8.0,inferred
Broxbourne,2020-09-01,0.0,1.0,2.0,4.0,8.0,inferred
Broxbourne,2020-09-02,0.0,1.0,2.0,4.0,8.0,inferred
Broxbourne,2020-09-03,0.0,1.0,2.0,4.0,8.0,inferred
Broxbourne,2020-09-04,0.0,1.0,2.0,4.0,9.0,inferred
Broxbourne,2020-09-05,0.0,1.0,2.0,4.0,9.0,inferred
Broxbourne,2020-09-06,0.0,1.0,2.0,4.0,9.0,inferred
Broxbourne,2020-09-07,0.0,1.0,2.0,4.0,9.0,inferred
Broxbourne,2020-09-08,0.0,1.0,2.0,4.0,9.0,inferred
Broxbourne,2020-09-09,0.0,1.0,3.0,4.0,9.0,inferred
Broxbourne,2020-09-10,0.0,1.0,3.0,5.0,9.0,inferred
Broxbourne,2020-09-11,0.0,2.0,3.0,5.0,10.0,inferred
Broxbourne,2020-09-12,0.0,2.0,3.0,5.2,11.0,inferred
Broxbourne,2020-09-13,0.0,2.0,4.0,6.0,12.0,inferred
Broxbourne,2020-09-14,0.0,3.0,4.0,7.0,13.0,inferred
Broxbourne,2020-09-15,0.0,3.0,5.0,7.0,13.0,inferred
Broxbourne,2020-09-16,0.0,3.0,5.0,7.0,14.0,inferred
Broxbourne,2020-09-17,0.0,3.0,5.0,7.0,14.0,inferred
Broxbourne,2020-09-18,0.0,3.0,5.0,7.0,13.0,inferred
Broxbourne,2020-09-19,0.0,3.0,5.0,7.0,13.0,inferred
Broxbourne,2020-09-20,0.0,3.0,5.0,7.0,13.0,inferred
Broxbourne,2020-09-21,0.0,3.0,5.0,8.0,14.0,inferred
Broxbourne,2020-09-22,1.0,3.0,5.0,8.0,14.0,inferred
Broxbourne,2020-09-23,1.0,3.0,5.0,8.0,14.0,inferred
Broxbourne,2020-09-24,1.0,4.0,6.0,8.0,14.0,inferred
Broxbourne,2020-09-25,1.0,4.0,6.0,9.0,15.0,inferred
Broxbourne,2020-09-26,1.0,4.0,6.0,9.0,15.0,inferred
Broxbourne,2020-09-27,1.0,4.0,7.0,9.0,16.0,inferred
Broxbourne,2020-09-28,1.0,4.0,7.0,10.0,16.0,inferred
Broxbourne,2020-09-29,1.0,5.0,7.0,10.0,17.0,inferred
Broxbourne,2020-09-30,2.0,5.0,7.0,10.0,17.0,inferred
Broxbourne,2020-10-01,2.0,5.0,8.0,11.0,18.0,inferred
Broxbourne,2020-10-02,2.0,6.0,9.0,12.0,19.0,inferred
Broxbourne,2020-10-03,3.0,6.0,9.0,12.0,20.0,inferred
Broxbourne,2020-10-04,3.0,7.0,10.0,13.0,22.0,inferred
Broxbourne,2020-10-05,3.0,8.0,11.0,15.0,23.0,inferred
Broxbourne,2020-10-06,4.0,8.0,11.0,15.0,23.0,inferred
Broxbourne,2020-10-07,4.0,9.0,12.0,16.0,24.0,inferred
Broxbourne,2020-10-08,4.0,9.0,12.0,16.0,25.0,inferred
Broxbourne,2020-10-09,4.0,9.0,12.0,17.0,26.0,inferred
Broxbourne,2020-10-10,4.0,9.0,13.0,17.0,26.0,inferred
Broxbourne,2020-10-11,4.0,9.0,13.0,17.0,26.0,inferred
Broxbourne,2020-10-12,5.0,10.0,13.0,17.0,26.0,inferred
Broxbourne,2020-10-13,5.0,10.0,14.0,18.0,27.0,inferred
Broxbourne,2020-10-14,5.0,11.0,15.0,18.0,29.0,inferred
Broxbourne,2020-10-15,6.0,12.0,15.0,20.0,29.0,inferred
Broxbourne,2020-10-16,6.0,12.0,16.0,21.0,31.0,inferred
Broxbourne,2020-10-17,7.0,13.0,18.0,22.0,33.0,inferred
Broxbourne,2020-10-18,8.0,14.0,18.0,23.0,34.0,inferred
Broxbourne,2020-10-19,9.0,15.0,19.0,24.0,35.0,inferred
Broxbourne,2020-10-20,10.0,16.0,20.0,25.0,37.0,inferred
Broxbourne,2020-10-21,10.0,17.0,22.0,26.0,37.0,inferred
Broxbourne,2020-10-22,10.0,18.0,22.0,27.0,38.0,inferred
Broxbourne,2020-10-23,11.0,18.0,23.0,28.0,39.0,inferred
Broxbourne,2020-10-24,11.0,19.0,23.0,29.0,39.0,inferred
Broxbourne,2020-10-25,11.0,19.0,23.0,29.0,39.0,inferred
Broxbourne,2020-10-26,12.0,19.0,24.0,29.0,41.0,inferred
Broxbourne,2020-10-27,12.0,20.0,25.0,30.0,41.0,inferred
Broxbourne,2020-10-28,13.0,20.0,25.0,31.0,42.0,inferred
Broxbourne,2020-10-29,12.0,21.0,26.0,32.0,44.0,inferred
Broxbourne,2020-10-30,13.0,22.0,27.0,33.0,45.0,inferred
Buckinghamshire,2020-08-01,0.0,2.0,3.0,5.0,10.0,inferred
Buckinghamshire,2020-08-02,0.0,2.0,3.0,5.0,10.0,inferred
Buckinghamshire,2020-08-03,0.0,2.0,3.0,5.0,10.0,inferred
Buckinghamshire,2020-08-04,0.0,2.0,3.0,5.0,10.0,inferred
Buckinghamshire,2020-08-05,0.0,2.0,4.0,6.0,11.0,inferred
Buckinghamshire,2020-08-06,0.0,2.0,4.0,6.0,11.0,inferred
Buckinghamshire,2020-08-07,0.0,2.0,4.0,6.0,11.0,inferred
Buckinghamshire,2020-08-08,0.0,2.0,4.0,6.0,12.0,inferred
Buckinghamshire,2020-08-09,0.0,2.0,4.0,6.0,12.0,inferred
Buckinghamshire,2020-08-10,0.0,2.0,4.0,6.0,12.0,inferred
Buckinghamshire,2020-08-11,0.0,2.0,4.0,6.0,12.0,inferred
Buckinghamshire,2020-08-12,0.0,3.0,5.0,7.0,13.0,inferred
Buckinghamshire,2020-08-13,0.0,3.0,5.0,8.0,14.0,inferred
Buckinghamshire,2020-08-14,1.0,3.0,5.0,8.0,14.0,inferred
Buckinghamshire,2020-08-15,1.0,4.0,6.0,8.0,14.0,inferred
Buckinghamshire,2020-08-16,1.0,4.0,6.0,8.0,15.0,inferred
Buckinghamshire,2020-08-17,1.0,4.0,6.0,8.0,14.0,inferred
Buckinghamshire,2020-08-18,1.0,4.0,6.0,9.0,16.0,inferred
Buckinghamshire,2020-08-19,1.0,4.0,6.0,9.0,16.0,inferred
Buckinghamshire,2020-08-20,1.0,4.0,7.0,9.0,16.0,inferred
Buckinghamshire,2020-08-21,1.0,4.0,7.0,10.0,16.0,inferred
Buckinghamshire,2020-08-22,2.0,5.0,7.0,10.0,16.0,inferred
Buckinghamshire,2020-08-23,2.0,5.0,7.0,10.0,17.0,inferred
Buckinghamshire,2020-08-24,1.0,5.0,7.0,10.0,17.0,inferred
Buckinghamshire,2020-08-25,2.0,6.0,8.0,12.0,18.0,inferred
Buckinghamshire,2020-08-26,2.0,6.0,9.0,12.0,20.0,inferred
Buckinghamshire,2020-08-27,3.0,7.0,10.0,13.0,21.0,inferred
Buckinghamshire,2020-08-28,3.0,7.0,11.0,14.0,22.0,inferred
Buckinghamshire,2020-08-29,3.0,8.0,11.0,15.0,23.0,inferred
Buckinghamshire,2020-08-30,3.0,8.0,11.0,15.0,24.0,inferred
Buckinghamshire,2020-08-31,3.0,8.0,11.0,15.0,23.0,inferred
Buckinghamshire,2020-09-01,4.0,8.0,11.0,15.0,23.0,inferred
Buckinghamshire,2020-09-02,4.0,8.0,11.0,14.0,22.0,inferred
Buckinghamshire,2020-09-03,3.0,8.0,11.0,14.0,22.0,inferred
Buckinghamshire,2020-09-04,3.0,7.0,10.0,13.2,21.0,inferred
Buckinghamshire,2020-09-05,3.0,7.0,10.0,13.0,21.0,inferred
Buckinghamshire,2020-09-06,3.0,7.0,10.0,13.0,20.0,inferred
Buckinghamshire,2020-09-07,3.0,7.0,9.0,13.0,21.0,inferred
Buckinghamshire,2020-09-08,2.0,7.0,9.0,13.0,20.0,inferred
Buckinghamshire,2020-09-09,2.0,6.0,9.0,12.0,20.0,inferred
Buckinghamshire,2020-09-10,2.0,6.0,9.0,12.0,20.0,inferred
Buckinghamshire,2020-09-11,2.0,6.0,9.0,12.0,20.0,inferred
Buckinghamshire,2020-09-12,2.0,6.8,9.0,13.0,20.0,inferred
Buckinghamshire,2020-09-13,2.0,7.0,10.0,13.0,21.0,inferred
Buckinghamshire,2020-09-14,3.0,7.0,10.0,14.0,22.0,inferred
Buckinghamshire,2020-09-15,4.0,8.0,11.0,14.0,22.0,inferred
Buckinghamshire,2020-09-16,4.0,9.0,12.0,15.0,24.0,inferred
Buckinghamshire,2020-09-17,4.0,10.0,13.0,17.0,25.0,inferred
Buckinghamshire,2020-09-18,5.0,11.0,14.0,18.0,27.0,inferred
Buckinghamshire,2020-09-19,6.0,12.0,15.0,19.0,28.0,inferred
Buckinghamshire,2020-09-20,7.0,12.0,16.0,21.0,31.0,inferred
Buckinghamshire,2020-09-21,6.0,13.0,17.0,21.0,31.0,inferred
Buckinghamshire,2020-09-22,7.0,13.0,17.0,22.0,33.0,inferred
Buckinghamshire,2020-09-23,7.0,15.0,19.0,24.0,34.0,inferred
Buckinghamshire,2020-09-24,9.0,16.0,21.0,26.0,36.0,inferred
Buckinghamshire,2020-09-25,11.0,18.0,23.0,27.0,38.0,inferred
Buckinghamshire,2020-09-26,12.0,19.0,24.0,30.0,42.0,inferred
Buckinghamshire,2020-09-27,13.0,21.0,26.0,31.0,43.0,inferred
Buckinghamshire,2020-09-28,14.0,23.0,28.0,34.0,47.0,inferred
Buckinghamshire,2020-09-29,16.0,25.0,30.0,36.0,50.0,inferred
Buckinghamshire,2020-09-30,18.0,27.0,33.0,40.0,53.0,inferred
Buckinghamshire,2020-10-01,21.0,31.0,37.0,44.0,58.0,inferred
Buckinghamshire,2020-10-02,23.0,35.0,41.0,48.0,63.0,inferred
Buckinghamshire,2020-10-03,27.0,38.0,45.0,52.0,66.0,inferred
Buckinghamshire,2020-10-04,29.0,41.8,49.0,56.0,72.0,inferred
Buckinghamshire,2020-10-05,34.0,46.0,53.0,61.0,77.0,inferred
Buckinghamshire,2020-10-06,37.0,50.0,57.0,66.0,83.0,inferred
Buckinghamshire,2020-10-07,40.0,53.0,61.0,69.0,87.0,inferred
Buckinghamshire,2020-10-08,42.0,55.0,63.0,72.0,90.0,inferred
Buckinghamshire,2020-10-09,42.0,56.0,64.0,72.0,92.0,inferred
Buckinghamshire,2020-10-10,43.0,57.0,66.0,74.0,92.0,inferred
Buckinghamshire,2020-10-11,43.0,57.0,66.0,74.0,93.0,inferred
Buckinghamshire,2020-10-12,44.0,58.0,67.0,76.0,97.0,inferred
Buckinghamshire,2020-10-13,46.0,60.0,70.0,79.0,99.0,inferred
Buckinghamshire,2020-10-14,48.0,63.0,72.0,81.0,100.0,inferred
Buckinghamshire,2020-10-15,50.0,65.0,74.0,84.0,105.0,inferred
Buckinghamshire,2020-10-16,52.0,69.0,78.0,89.0,111.0,inferred
Buckinghamshire,2020-10-17,54.0,72.0,81.0,92.0,112.0,inferred
Buckinghamshire,2020-10-18,56.0,74.0,84.0,95.0,116.0,inferred
Buckinghamshire,2020-10-19,59.0,76.0,86.0,97.0,120.0,inferred
Buckinghamshire,2020-10-20,59.0,78.0,89.0,100.0,123.0,inferred
Buckinghamshire,2020-10-21,64.0,80.0,89.0,100.0,122.0,inferred
Buckinghamshire,2020-10-22,64.0,81.0,91.0,101.0,123.0,inferred
Buckinghamshire,2020-10-23,64.0,82.0,91.0,101.0,122.0,inferred
Buckinghamshire,2020-10-24,67.0,83.0,92.0,103.0,124.0,inferred
Buckinghamshire,2020-10-25,66.0,84.0,94.0,105.0,127.0,inferred
Buckinghamshire,2020-10-26,67.0,85.0,96.0,107.0,131.0,inferred
Buckinghamshire,2020-10-27,66.0,85.0,98.0,111.0,135.0,inferred
Buckinghamshire,2020-10-28,66.0,87.0,100.0,114.0,140.0,inferred
Buckinghamshire,2020-10-29,66.0,88.0,102.0,118.0,144.0,inferred
Buckinghamshire,2020-10-30,68.0,90.0,105.0,122.0,149.0,inferred
Camden,2020-08-01,0.0,0.0,1.0,2.0,5.0,inferred
Camden,2020-08-02,0.0,0.0,1.0,2.0,6.0,inferred
Camden,2020-08-03,0.0,0.0,1.0,2.0,6.0,inferred
Camden,2020-08-04,0.0,1.0,2.0,3.0,7.0,inferred
Camden,2020-08-05,0.0,1.0,2.0,3.0,8.0,inferred
Camden,2020-08-06,0.0,1.0,2.0,3.0,7.0,inferred
Camden,2020-08-07,0.0,1.0,2.0,3.0,8.0,inferred
Camden,2020-08-08,0.0,1.0,2.0,3.0,8.0,inferred
Camden,2020-08-09,0.0,1.0,2.0,4.0,9.0,inferred
Camden,2020-08-10,0.0,1.0,2.0,4.0,9.0,inferred
Camden,2020-08-11,0.0,1.0,2.0,4.0,9.0,inferred
Camden,2020-08-12,0.0,1.0,3.0,5.0,10.0,inferred
Camden,2020-08-13,0.0,2.0,3.0,5.0,10.0,inferred
Camden,2020-08-14,0.0,2.0,3.0,5.0,10.0,inferred
Camden,2020-08-15,0.0,2.0,3.0,5.0,10.0,inferred
Camden,2020-08-16,0.0,2.0,3.0,5.0,11.0,inferred
Camden,2020-08-17,0.0,2.0,4.0,6.0,11.0,inferred
Camden,2020-08-18,0.0,2.0,4.0,6.0,11.0,inferred
Camden,2020-08-19,0.0,2.0,4.0,6.0,12.0,inferred
Camden,2020-08-20,0.0,3.0,4.0,7.0,13.0,inferred
Camden,2020-08-21,0.0,3.0,5.0,7.0,13.0,inferred
Camden,2020-08-22,1.0,3.0,5.0,7.0,13.0,inferred
Camden,2020-08-23,1.0,3.0,5.0,8.0,14.0,inferred
Camden,2020-08-24,1.0,3.0,5.0,8.0,13.0,inferred
Camden,2020-08-25,1.0,3.0,5.0,8.0,14.0,inferred
Camden,2020-08-26,1.0,3.0,5.0,8.0,14.0,inferred
Camden,2020-08-27,1.0,3.0,5.0,7.0,13.0,inferred
Camden,2020-08-28,0.0,3.0,5.0,7.0,13.0,inferred
Camden,2020-08-29,0.0,3.0,5.0,7.0,13.0,inferred
Camden,2020-08-30,0.0,3.0,5.0,8.0,14.0,inferred
Camden,2020-08-31,1.0,3.0,5.0,8.0,15.0,inferred
Camden,2020-09-01,1.0,4.0,6.0,9.0,15.0,inferred
Camden,2020-09-02,1.0,4.0,6.0,9.0,15.0,inferred
Camden,2020-09-03,1.0,4.0,6.0,9.0,15.0,inferred
Camden,2020-09-04,1.0,4.0,6.0,9.0,15.0,inferred
Camden,2020-09-05,1.0,4.0,6.0,9.0,16.0,inferred
Camden,2020-09-06,1.0,4.0,6.0,9.0,16.0,inferred
Camden,2020-09-07,1.0,5.0,7.0,10.0,16.0,inferred
Camden,2020-09-08,1.0,5.0,7.0,10.0,17.0,inferred
Camden,2020-09-09,2.0,5.0,8.0,10.0,17.0,inferred
Camden,2020-09-10,2.0,5.0,7.0,10.0,17.0,inferred
Camden,2020-09-11,2.0,5.0,8.0,11.0,18.0,inferred
Camden,2020-09-12,2.0,5.0,8.0,11.0,18.0,inferred
Camden,2020-09-13,2.0,5.0,8.0,11.0,19.0,inferred
Camden,2020-09-14,2.0,6.0,8.0,11.0,18.0,inferred
Camden,2020-09-15,2.0,5.0,8.0,11.0,18.0,inferred
Camden,2020-09-16,2.0,5.0,8.0,11.0,19.0,inferred
Camden,2020-09-17,2.0,6.0,8.0,11.0,19.0,inferred
Camden,2020-09-18,2.0,6.0,8.0,12.0,19.0,inferred
Camden,2020-09-19,2.0,6.0,9.0,12.0,20.0,inferred
Camden,2020-09-20,2.0,6.0,9.0,12.0,21.0,inferred
Camden,2020-09-21,3.0,7.0,10.0,13.0,21.0,inferred
Camden,2020-09-22,3.0,7.0,10.0,14.0,23.0,inferred
Camden,2020-09-23,3.0,8.0,11.0,15.0,23.0,inferred
Camden,2020-09-24,4.0,9.0,12.0,16.0,25.0,inferred
Camden,2020-09-25,5.0,10.0,13.0,17.0,26.0,inferred
Camden,2020-09-26,6.0,11.0,14.0,18.0,28.0,inferred
Camden,2020-09-27,7.0,12.0,16.0,20.0,29.0,inferred
Camden,2020-09-28,7.0,13.0,17.0,22.0,31.0,inferred
Camden,2020-09-29,8.0,15.0,19.0,24.0,33.0,inferred
Camden,2020-09-30,9.0,16.0,21.0,25.0,36.0,inferred
Camden,2020-10-01,10.0,18.0,23.0,27.0,39.0,inferred
Camden,2020-10-02,12.0,20.0,24.0,30.0,41.0,inferred
Camden,2020-10-03,13.0,21.0,27.0,33.0,46.0,inferred
Camden,2020-10-04,15.0,24.0,29.0,36.0,51.0,inferred
Camden,2020-10-05,16.0,26.0,32.0,38.0,53.0,inferred
Camden,2020-10-06,19.0,28.0,34.0,41.0,56.0,inferred
Camden,2020-10-07,20.0,31.0,37.0,43.0,58.0,inferred
Camden,2020-10-08,22.0,32.0,39.0,46.0,62.0,inferred
Camden,2020-10-09,23.0,33.0,39.0,47.0,62.0,inferred
Camden,2020-10-10,23.0,35.0,41.0,48.0,63.0,inferred
Camden,2020-10-11,23.0,35.0,42.0,50.0,66.0,inferred
Camden,2020-10-12,25.0,37.0,44.0,52.0,69.0,inferred
Camden,2020-10-13,26.0,39.0,46.0,54.0,70.0,inferred
Camden,2020-10-14,29.0,41.0,48.0,56.0,72.0,inferred
Camden,2020-10-15,29.0,41.0,48.5,56.0,73.0,inferred
Camden,2020-10-16,30.0,42.0,49.0,58.0,74.0,inferred
Camden,2020-10-17,30.0,42.0,50.0,57.0,74.0,inferred
Camden,2020-10-18,29.0,42.0,50.0,58.0,73.0,inferred
Camden,2020-10-19,30.0,42.0,49.0,57.0,74.0,inferred
Camden,2020-10-20,30.0,42.0,49.0,57.0,73.0,inferred
Camden,2020-10-21,29.0,42.0,49.0,57.0,73.0,inferred
Camden,2020-10-22,29.0,41.0,48.0,56.0,72.0,inferred
Camden,2020-10-23,30.0,40.0,47.0,55.0,70.0,inferred
Camden,2020-10-24,29.0,40.0,47.0,54.0,69.0,inferred
Camden,2020-10-25,28.0,40.0,47.0,54.0,68.0,inferred
Camden,2020-10-26,28.0,40.0,47.0,55.0,70.0,inferred
Camden,2020-10-27,29.0,40.0,48.0,56.0,72.0,inferred
Camden,2020-10-28,28.0,41.0,49.0,58.0,76.0,inferred
Camden,2020-10-29,27.0,40.0,49.0,59.0,78.0,inferred
Camden,2020-10-30,26.0,40.0,50.0,62.0,82.0,inferred
Central Bedfordshire,2020-08-01,0.0,1.0,2.0,3.0,7.0,inferred
Central Bedfordshire,2020-08-02,0.0,1.0,1.0,3.0,7.0,inferred
Central Bedfordshire,2020-08-03,0.0,0.0,1.0,3.0,7.0,inferred
Central Bedfordshire,2020-08-04,0.0,1.0,2.0,3.0,7.0,inferred
Central Bedfordshire,2020-08-05,0.0,1.0,2.0,3.0,7.0,inferred
Central Bedfordshire,2020-08-06,0.0,1.0,2.0,4.0,8.0,inferred
Central Bedfordshire,2020-08-07,0.0,1.0,2.0,4.0,8.0,inferred
Central Bedfordshire,2020-08-08,0.0,1.0,2.0,4.0,8.0,inferred
Central Bedfordshire,2020-08-09,0.0,1.0,2.0,4.0,9.0,inferred
Central Bedfordshire,2020-08-10,0.0,1.0,2.0,4.0,9.0,inferred
Central Bedfordshire,2020-08-11,0.0,1.0,2.0,4.0,9.0,inferred
Central Bedfordshire,2020-08-12,0.0,1.0,2.0,4.0,9.0,inferred
Central Bedfordshire,2020-08-13,0.0,1.0,2.0,4.0,9.0,inferred
Central Bedfordshire,2020-08-14,0.0,1.0,2.0,4.0,9.0,inferred
Central Bedfordshire,2020-08-15,0.0,1.0,2.0,4.0,9.0,inferred
Central Bedfordshire,2020-08-16,0.0,1.0,2.0,4.0,9.0,inferred
Central Bedfordshire,2020-08-17,0.0,1.0,2.0,4.0,9.0,inferred
Central Bedfordshire,2020-08-18,0.0,1.0,2.0,4.0,9.0,inferred
Central Bedfordshire,2020-08-19,0.0,1.0,2.0,4.0,9.0,inferred
Central Bedfordshire,2020-08-20,0.0,1.0,2.0,4.0,10.0,inferred
Central Bedfordshire,2020-08-21,0.0,1.0,3.0,5.0,10.0,inferred
Central Bedfordshire,2020-08-22,0.0,1.0,3.0,5.0,10.0,inferred
Central Bedfordshire,2020-08-23,0.0,1.0,3.0,5.0,11.0,inferred
Central Bedfordshire,2020-08-24,0.0,2.0,3.0,5.0,11.0,inferred
Central Bedfordshire,2020-08-25,0.0,2.0,3.0,5.0,11.0,inferred
Central Bedfordshire,2020-08-26,0.0,2.0,3.0,5.0,11.0,inferred
Central Bedfordshire,2020-08-27,0.0,2.0,3.0,5.0,10.0,inferred
Central Bedfordshire,2020-08-28,0.0,1.0,3.0,5.0,10.0,inferred
Central Bedfordshire,2020-08-29,0.0,2.0,3.0,5.0,10.0,inferred
Central Bedfordshire,2020-08-30,0.0,2.0,3.0,6.0,11.0,inferred
Central Bedfordshire,2020-08-31,0.0,2.0,4.0,6.0,12.0,inferred
Central Bedfordshire,2020-09-01,0.0,2.0,4.0,6.0,12.0,inferred
Central Bedfordshire,2020-09-02,0.0,2.0,4.0,6.0,12.0,inferred
Central Bedfordshire,2020-09-03,0.0,2.0,4.0,6.0,12.0,inferred
Central Bedfordshire,2020-09-04,0.0,2.0,4.0,6.0,12.0,inferred
Central Bedfordshire,2020-09-05,0.0,2.0,4.0,6.0,12.0,inferred
Central Bedfordshire,2020-09-06,0.0,2.0,4.0,6.0,12.0,inferred
Central Bedfordshire,2020-09-07,0.0,2.0,4.0,7.0,12.0,inferred
Central Bedfordshire,2020-09-08,0.0,3.0,5.0,7.0,12.0,inferred
Central Bedfordshire,2020-09-09,0.0,3.0,5.0,7.0,13.0,inferred
Central Bedfordshire,2020-09-10,1.0,3.0,5.0,8.0,15.0,inferred
Central Bedfordshire,2020-09-11,1.0,4.0,6.0,9.0,15.0,inferred
Central Bedfordshire,2020-09-12,1.0,4.0,6.0,9.0,15.0,inferred
Central Bedfordshire,2020-09-13,1.0,5.0,7.0,10.0,17.0,inferred
Central Bedfordshire,2020-09-14,2.0,5.0,7.0,10.0,18.0,inferred
Central Bedfordshire,2020-09-15,2.0,5.0,8.0,11.0,18.0,inferred
Central Bedfordshire,2020-09-16,2.0,6.0,8.0,11.0,19.0,inferred
Central Bedfordshire,2020-09-17,2.0,6.0,8.0,12.0,19.0,inferred
Central Bedfordshire,2020-09-18,2.0,6.0,9.0,12.0,19.0,inferred
Central Bedfordshire,2020-09-19,2.0,6.0,9.0,12.0,19.0,inferred
Central Bedfordshire,2020-09-20,3.0,6.0,9.0,12.0,20.0,inferred
Central Bedfordshire,2020-09-21,3.0,7.0,9.0,13.0,20.0,inferred
Central Bedfordshire,2020-09-22,3.0,7.0,10.0,13.0,21.0,inferred
Central Bedfordshire,2020-09-23,3.0,7.0,10.0,13.0,21.0,inferred
Central Bedfordshire,2020-09-24,3.0,8.0,11.0,14.0,22.0,inferred
Central Bedfordshire,2020-09-25,4.0,8.0,11.0,15.0,23.0,inferred
Central Bedfordshire,2020-09-26,4.0,9.0,12.0,15.0,24.0,inferred
Central Bedfordshire,2020-09-27,4.0,9.0,12.0,15.0,24.0,inferred
Central Bedfordshire,2020-09-28,4.0,9.0,12.0,16.0,25.0,inferred
Central Bedfordshire,2020-09-29,5.0,10.0,13.0,17.0,26.0,inferred
Central Bedfordshire,2020-09-30,5.0,10.0,14.0,18.0,28.0,inferred
Central Bedfordshire,2020-10-01,6.0,12.0,15.0,19.0,29.0,inferred
Central Bedfordshire,2020-10-02,6.0,12.0,16.0,20.0,30.0,inferred
Central Bedfordshire,2020-10-03,7.0,13.0,17.0,21.0,32.0,inferred
Central Bedfordshire,2020-10-04,7.0,14.0,18.0,22.0,32.0,inferred
Central Bedfordshire,2020-10-05,8.0,15.0,19.0,23.0,33.0,inferred
Central Bedfordshire,2020-10-06,9.0,15.0,19.5,24.0,35.0,inferred
Central Bedfordshire,2020-10-07,9.0,16.0,20.0,25.0,36.0,inferred
Central Bedfordshire,2020-10-08,9.0,16.0,21.0,26.0,38.0,inferred
Central Bedfordshire,2020-10-09,10.0,17.0,22.0,26.0,38.0,inferred
Central Bedfordshire,2020-10-10,11.0,17.0,22.0,27.0,39.0,inferred
Central Bedfordshire,2020-10-11,11.0,18.0,22.0,28.0,39.0,inferred
Central Bedfordshire,2020-10-12,11.0,18.0,23.0,28.0,40.0,inferred
Central Bedfordshire,2020-10-13,12.0,19.0,24.0,29.0,40.0,inferred
Central Bedfordshire,2020-10-14,12.0,20.0,25.0,30.0,42.0,inferred
Central Bedfordshire,2020-10-15,12.0,21.0,26.0,31.0,43.0,inferred
Central Bedfordshire,2020-10-16,13.0,22.0,27.0,32.0,44.0,inferred
Central Bedfordshire,2020-10-17,14.0,22.0,27.5,33.0,44.0,inferred
Central Bedfordshire,2020-10-18,15.0,23.0,28.0,34.0,46.0,inferred
Central Bedfordshire,2020-10-19,16.0,24.0,29.0,35.0,47.0,inferred
Central Bedfordshire,2020-10-20,17.0,25.0,30.0,36.0,47.0,inferred
Central Bedfordshire,2020-10-21,18.0,26.0,31.0,37.0,49.0,inferred
Central Bedfordshire,2020-10-22,18.0,27.0,32.0,38.0,50.0,inferred
Central Bedfordshire,2020-10-23,18.0,28.0,34.0,40.0,53.0,inferred
Central Bedfordshire,2020-10-24,20.0,29.0,35.0,41.0,54.0,inferred
Central Bedfordshire,2020-10-25,21.0,31.0,36.0,43.0,56.0,inferred
Central Bedfordshire,2020-10-26,21.0,32.0,37.0,44.0,58.0,inferred
Central Bedfordshire,2020-10-27,23.0,33.0,39.0,46.0,60.0,inferred
Central Bedfordshire,2020-10-28,24.0,34.0,41.0,47.0,62.0,inferred
Central Bedfordshire,2020-10-29,26.0,36.0,43.0,50.0,64.0,inferred
Central Bedfordshire,2020-10-30,27.0,38.0,45.0,52.0,66.0,inferred
Cheltenham,2020-08-01,0.0,0.0,0.0,0.0,2.0,inferred
Cheltenham,2020-08-02,0.0,0.0,0.0,0.0,2.0,inferred
Cheltenham,2020-08-03,0.0,0.0,0.0,0.0,3.0,inferred
Cheltenham,2020-08-04,0.0,0.0,0.0,0.0,3.0,inferred
Cheltenham,2020-08-05,0.0,0.0,0.0,0.0,3.0,inferred
Cheltenham,2020-08-06,0.0,0.0,0.0,1.0,3.0,inferred
Cheltenham,2020-08-07,0.0,0.0,0.0,1.0,3.0,inferred
Cheltenham,2020-08-08,0.0,0.0,0.0,1.0,4.0,inferred
Cheltenham,2020-08-09,0.0,0.0,0.0,1.0,4.0,inferred
Cheltenham,2020-08-10,0.0,0.0,0.0,1.0,4.0,inferred
Cheltenham,2020-08-11,0.0,0.0,0.0,1.0,5.0,inferred
Cheltenham,2020-08-12,0.0,0.0,1.0,2.0,5.0,inferred
Cheltenham,2020-08-13,0.0,0.0,1.0,2.0,6.0,inferred
Cheltenham,2020-08-14,0.0,0.0,1.0,2.0,5.0,inferred
Cheltenham,2020-08-15,0.0,0.0,1.0,2.0,6.0,inferred
Cheltenham,2020-08-16,0.0,0.0,1.0,2.0,6.0,inferred
Cheltenham,2020-08-17,0.0,0.0,1.0,2.0,6.0,inferred
Cheltenham,2020-08-18,0.0,0.0,1.0,2.0,6.0,inferred
Cheltenham,2020-08-19,0.0,0.0,1.0,2.0,7.0,inferred
Cheltenham,2020-08-20,0.0,0.0,1.0,2.0,7.0,inferred
Cheltenham,2020-08-21,0.0,0.0,1.0,2.0,6.0,inferred
Cheltenham,2020-08-22,0.0,0.0,1.0,3.0,7.0,inferred
Cheltenham,2020-08-23,0.0,0.0,1.0,3.0,7.0,inferred
Cheltenham,2020-08-24,0.0,0.0,1.0,3.0,7.0,inferred
Cheltenham,2020-08-25,0.0,0.0,1.0,3.0,7.0,inferred
Cheltenham,2020-08-26,0.0,0.0,1.0,3.0,7.0,inferred
Cheltenham,2020-08-27,0.0,0.0,1.0,3.0,6.0,inferred
Cheltenham,2020-08-28,0.0,0.0,1.0,3.0,6.0,inferred
Cheltenham,2020-08-29,0.0,0.0,1.0,3.0,7.0,inferred
Cheltenham,2020-08-30,0.0,0.0,1.0,3.0,7.0,inferred
Cheltenham,2020-08-31,0.0,0.0,1.0,3.0,7.0,inferred
Cheltenham,2020-09-01,0.0,0.0,1.0,3.0,7.0,inferred
Cheltenham,2020-09-02,0.0,1.0,2.0,3.0,7.0,inferred
Cheltenham,2020-09-03,0.0,1.0,2.0,3.0,8.0,inferred
Cheltenham,2020-09-04,0.0,1.0,2.0,3.0,7.0,inferred
Cheltenham,2020-09-05,0.0,1.0,2.0,3.0,8.0,inferred
Cheltenham,2020-09-06,0.0,1.0,2.0,3.0,8.0,inferred
Cheltenham,2020-09-07,0.0,1.0,2.0,3.0,8.0,inferred
Cheltenham,2020-09-08,0.0,1.0,2.0,4.0,8.0,inferred
Cheltenham,2020-09-09,0.0,1.0,2.0,4.0,8.0,inferred
Cheltenham,2020-09-10,0.0,1.0,2.0,4.0,8.0,inferred
Cheltenham,2020-09-11,0.0,1.0,2.0,4.0,8.0,inferred
Cheltenham,2020-09-12,0.0,1.0,2.0,4.0,8.0,inferred
Cheltenham,2020-09-13,0.0,1.0,2.0,4.0,9.0,inferred
Cheltenham,2020-09-14,0.0,1.0,2.0,4.0,9.0,inferred
Cheltenham,2020-09-15,0.0,1.0,2.0,4.0,9.0,inferred
Cheltenham,2020-09-16,0.0,1.0,2.0,4.0,9.0,inferred
Cheltenham,2020-09-17,0.0,1.0,2.0,4.0,9.0,inferred
Cheltenham,2020-09-18,0.0,1.0,3.0,5.0,10.0,inferred
Cheltenham,2020-09-19,0.0,1.0,3.0,5.0,10.0,inferred
Cheltenham,2020-09-20,0.0,2.0,3.0,5.0,11.0,inferred
Cheltenham,2020-09-21,0.0,2.0,4.0,6.0,11.0,inferred
Cheltenham,2020-09-22,0.0,2.0,4.0,7.0,12.0,inferred
Cheltenham,2020-09-23,0.0,3.0,4.0,7.0,12.0,inferred
Cheltenham,2020-09-24,0.0,3.0,5.0,7.0,13.0,inferred
Cheltenham,2020-09-25,1.0,3.0,5.0,7.0,13.0,inferred
Cheltenham,2020-09-26,1.0,3.0,5.0,7.0,14.0,inferred
Cheltenham,2020-09-27,1.0,3.0,5.0,8.0,14.0,inferred
Cheltenham,2020-09-28,1.0,4.0,6.0,9.0,15.0,inferred
Cheltenham,2020-09-29,1.0,4.0,7.0,9.0,16.0,inferred
Cheltenham,2020-09-30,1.0,5.0,7.0,10.0,17.0,inferred
Cheltenham,2020-10-01,2.0,5.0,8.0,10.0,17.0,inferred
Cheltenham,2020-10-02,2.0,5.0,8.0,11.0,18.0,inferred
Cheltenham,2020-10-03,2.0,5.0,8.0,11.0,17.0,inferred
Cheltenham,2020-10-04,2.0,6.0,8.0,11.0,19.0,inferred
Cheltenham,2020-10-05,2.0,6.0,9.0,12.0,19.0,inferred
Cheltenham,2020-10-06,2.0,6.0,9.0,12.0,20.0,inferred
Cheltenham,2020-10-07,2.0,7.0,9.0,13.0,21.0,inferred
Cheltenham,2020-10-08,2.0,7.0,9.0,13.0,20.0,inferred
Cheltenham,2020-10-09,3.0,7.0,9.0,13.0,20.0,inferred
Cheltenham,2020-10-10,3.0,7.0,9.0,12.0,19.0,inferred
Cheltenham,2020-10-11,3.0,7.0,9.0,13.0,20.0,inferred
Cheltenham,2020-10-12,3.0,7.0,10.0,13.0,20.0,inferred
Cheltenham,2020-10-13,3.0,7.0,10.0,13.0,21.0,inferred
Cheltenham,2020-10-14,3.0,7.0,10.0,14.0,21.0,inferred
Cheltenham,2020-10-15,3.0,8.0,11.0,14.0,22.0,inferred
Cheltenham,2020-10-16,3.0,8.0,11.0,14.0,23.0,inferred
Cheltenham,2020-10-17,4.0,8.0,11.0,15.0,23.0,inferred
Cheltenham,2020-10-18,4.0,9.0,12.0,15.0,24.0,inferred
Cheltenham,2020-10-19,4.0,9.0,12.0,16.0,24.0,inferred
Cheltenham,2020-10-20,4.0,9.0,13.0,17.0,26.0,inferred
Cheltenham,2020-10-21,5.0,10.0,13.0,17.0,26.0,inferred
Cheltenham,2020-10-22,5.0,10.0,14.0,18.0,27.0,inferred
Cheltenham,2020-10-23,5.0,10.0,14.0,18.0,26.0,inferred
Cheltenham,2020-10-24,5.0,11.0,14.0,18.0,28.0,inferred
Cheltenham,2020-10-25,5.0,11.0,15.0,19.0,29.0,inferred
Cheltenham,2020-10-26,6.0,12.0,16.0,20.0,30.0,inferred
Cheltenham,2020-10-27,7.0,13.0,16.0,21.0,31.0,inferred
Cheltenham,2020-10-28,7.0,13.0,17.0,22.0,32.0,inferred
Cheltenham,2020-10-29,7.0,13.0,17.0,23.0,34.0,inferred
Cheltenham,2020-10-30,7.0,14.0,18.0,23.0,36.0,inferred
Cherwell,2020-08-01,0.0,0.0,0.0,1.0,4.0,inferred
Cherwell,2020-08-02,0.0,0.0,0.0,1.0,4.0,inferred
Cherwell,2020-08-03,0.0,0.0,0.0,1.0,4.0,inferred
Cherwell,2020-08-04,0.0,0.0,0.0,1.0,4.0,inferred
Cherwell,2020-08-05,0.0,0.0,1.0,2.0,5.0,inferred
Cherwell,2020-08-06,0.0,0.0,1.0,2.0,6.0,inferred
Cherwell,2020-08-07,0.0,0.0,1.0,2.0,6.0,inferred
Cherwell,2020-08-08,0.0,0.0,1.0,3.0,7.0,inferred
Cherwell,2020-08-09,0.0,0.0,1.0,3.0,7.0,inferred
Cherwell,2020-08-10,0.0,0.0,1.0,2.0,6.0,inferred
Cherwell,2020-08-11,0.0,0.0,1.0,2.0,6.0,inferred
Cherwell,2020-08-12,0.0,0.0,1.0,2.0,6.0,inferred
Cherwell,2020-08-13,0.0,0.0,1.0,2.0,6.0,inferred
Cherwell,2020-08-14,0.0,0.0,1.0,2.0,6.0,inferred
Cherwell,2020-08-15,0.0,0.0,1.0,2.0,6.0,inferred
Cherwell,2020-08-16,0.0,0.0,1.0,2.0,6.0,inferred
Cherwell,2020-08-17,0.0,0.0,1.0,2.0,6.0,inferred
Cherwell,2020-08-18,0.0,0.0,1.0,3.0,6.0,inferred
Cherwell,2020-08-19,0.0,0.0,1.0,2.0,6.0,inferred
Cherwell,2020-08-20,0.0,0.0,1.0,3.0,7.0,inferred
Cherwell,2020-08-21,0.0,0.0,1.0,3.0,7.0,inferred
Cherwell,2020-08-22,0.0,0.0,1.0,3.0,7.0,inferred
Cherwell,2020-08-23,0.0,0.0,1.0,2.0,7.0,inferred
Cherwell,2020-08-24,0.0,0.0,1.0,2.0,7.0,inferred
Cherwell,2020-08-25,0.0,0.0,1.0,2.0,6.0,inferred
Cherwell,2020-08-26,0.0,0.0,1.0,2.0,6.0,inferred
Cherwell,2020-08-27,0.0,0.0,1.0,2.0,6.0,inferred
Cherwell,2020-08-28,0.0,0.0,1.0,2.0,6.0,inferred
Cherwell,2020-08-29,0.0,0.0,1.0,2.0,6.0,inferred
Cherwell,2020-08-30,0.0,0.0,1.0,3.0,7.0,inferred
Cherwell,2020-08-31,0.0,0.0,1.0,3.0,7.0,inferred
Cherwell,2020-09-01,0.0,0.0,1.0,3.0,7.0,inferred
Cherwell,2020-09-02,0.0,1.0,2.0,3.0,8.0,inferred
Cherwell,2020-09-03,0.0,1.0,2.0,3.0,8.0,inferred
Cherwell,2020-09-04,0.0,1.0,2.0,3.0,8.0,inferred
Cherwell,2020-09-05,0.0,1.0,2.0,4.0,8.0,inferred
Cherwell,2020-09-06,0.0,1.0,2.0,4.0,8.0,inferred
Cherwell,2020-09-07,0.0,1.0,2.0,4.0,8.0,inferred
Cherwell,2020-09-08,0.0,1.0,2.0,4.0,9.0,inferred
Cherwell,2020-09-09,0.0,1.0,3.0,5.0,9.0,inferred
Cherwell,2020-09-10,0.0,1.0,3.0,5.0,9.0,inferred
Cherwell,2020-09-11,0.0,1.0,3.0,5.0,10.0,inferred
Cherwell,2020-09-12,0.0,2.0,3.0,5.0,10.0,inferred
Cherwell,2020-09-13,0.0,2.0,3.0,5.0,10.0,inferred
Cherwell,2020-09-14,0.0,2.0,3.0,5.0,11.0,inferred
Cherwell,2020-09-15,0.0,2.0,3.0,5.0,11.0,inferred
Cherwell,2020-09-16,0.0,2.0,3.0,5.0,11.0,inferred
Cherwell,2020-09-17,0.0,2.0,3.0,5.0,10.0,inferred
Cherwell,2020-09-18,0.0,2.0,3.0,5.0,11.0,inferred
Cherwell,2020-09-19,0.0,2.0,3.0,5.0,10.0,inferred
Cherwell,2020-09-20,0.0,2.0,3.0,5.0,11.0,inferred
Cherwell,2020-09-21,0.0,2.0,4.0,6.0,11.0,inferred
Cherwell,2020-09-22,0.0,2.0,4.0,6.0,12.0,inferred
Cherwell,2020-09-23,0.0,2.0,4.0,6.0,13.0,inferred
Cherwell,2020-09-24,0.0,2.0,4.0,7.0,13.0,inferred
Cherwell,2020-09-25,0.0,3.0,5.0,7.0,13.0,inferred
Cherwell,2020-09-26,1.0,3.0,5.0,8.0,14.0,inferred
Cherwell,2020-09-27,1.0,4.0,6.0,9.0,15.0,inferred
Cherwell,2020-09-28,1.0,5.0,7.0,10.0,16.0,inferred
Cherwell,2020-09-29,2.0,5.0,8.0,11.0,18.0,inferred
Cherwell,2020-09-30,2.0,6.0,9.0,12.0,19.0,inferred
Cherwell,2020-10-01,3.0,7.0,10.0,13.0,21.0,inferred
Cherwell,2020-10-02,3.0,8.0,11.0,15.0,22.0,inferred
Cherwell,2020-10-03,4.0,9.0,12.0,15.0,24.0,inferred
Cherwell,2020-10-04,4.0,9.0,12.0,17.0,25.0,inferred
Cherwell,2020-10-05,5.0,10.0,14.0,18.0,27.0,inferred
Cherwell,2020-10-06,5.0,11.0,15.0,19.0,29.0,inferred
Cherwell,2020-10-07,7.0,12.0,16.0,20.0,30.0,inferred
Cherwell,2020-10-08,7.0,13.0,17.0,21.0,31.0,inferred
Cherwell,2020-10-09,7.0,14.0,18.0,22.0,32.0,inferred
Cherwell,2020-10-10,8.0,14.0,18.0,23.0,33.0,inferred
Cherwell,2020-10-11,8.0,14.0,18.0,22.0,32.0,inferred
Cherwell,2020-10-12,8.0,14.0,18.0,23.0,33.0,inferred
Cherwell,2020-10-13,8.0,15.0,18.0,23.0,32.0,inferred
Cherwell,2020-10-14,9.0,15.0,19.0,24.0,33.0,inferred
Cherwell,2020-10-15,9.0,16.0,20.0,25.0,35.0,inferred
Cherwell,2020-10-16,10.0,17.0,21.0,26.0,36.0,inferred
Cherwell,2020-10-17,11.0,19.0,23.0,28.0,38.0,inferred
Cherwell,2020-10-18,12.0,20.0,24.0,30.0,41.0,inferred
Cherwell,2020-10-19,14.0,22.0,26.0,32.0,44.0,inferred
Cherwell,2020-10-20,15.0,23.0,28.0,34.0,46.0,inferred
Cherwell,2020-10-21,15.0,24.0,29.0,35.0,48.0,inferred
Cherwell,2020-10-22,17.0,25.0,30.0,36.0,48.0,inferred
Cherwell,2020-10-23,17.0,25.0,31.0,36.0,49.0,inferred
Cherwell,2020-10-24,17.0,26.0,31.0,37.0,50.0,inferred
Cherwell,2020-10-25,17.0,26.0,32.0,38.0,51.0,inferred
Cherwell,2020-10-26,17.0,27.0,33.0,39.0,53.0,inferred
Cherwell,2020-10-27,18.0,28.0,34.0,40.0,54.0,inferred
Cherwell,2020-10-28,19.0,29.0,35.0,42.0,55.0,inferred
Cherwell,2020-10-29,19.0,31.0,38.0,45.0,58.0,inferred
Cherwell,2020-10-30,19.0,32.0,39.0,46.0,62.0,inferred
Chichester,2020-08-01,0.0,0.0,0.0,0.0,2.0,inferred
Chichester,2020-08-02,0.0,0.0,0.0,0.0,3.0,inferred
Chichester,2020-08-03,0.0,0.0,0.0,0.0,2.0,inferred
Chichester,2020-08-04,0.0,0.0,0.0,0.0,2.0,inferred
Chichester,2020-08-05,0.0,0.0,0.0,0.0,2.0,inferred
Chichester,2020-08-06,0.0,0.0,0.0,0.0,2.0,inferred
Chichester,2020-08-07,0.0,0.0,0.0,0.0,2.0,inferred
Chichester,2020-08-08,0.0,0.0,0.0,0.0,2.0,inferred
Chichester,2020-08-09,0.0,0.0,0.0,0.0,3.0,inferred
Chichester,2020-08-10,0.0,0.0,0.0,0.0,3.0,inferred
Chichester,2020-08-11,0.0,0.0,0.0,1.0,3.0,inferred
Chichester,2020-08-12,0.0,0.0,0.0,1.0,3.0,inferred
Chichester,2020-08-13,0.0,0.0,0.0,1.0,3.0,inferred
Chichester,2020-08-14,0.0,0.0,0.0,1.0,4.0,inferred
Chichester,2020-08-15,0.0,0.0,0.0,1.0,4.0,inferred
Chichester,2020-08-16,0.0,0.0,0.0,1.0,4.0,inferred
Chichester,2020-08-17,0.0,0.0,0.0,1.0,4.0,inferred
Chichester,2020-08-18,0.0,0.0,0.0,1.0,5.0,inferred
Chichester,2020-08-19,0.0,0.0,0.0,1.0,5.0,inferred
Chichester,2020-08-20,0.0,0.0,1.0,2.0,5.0,inferred
Chichester,2020-08-21,0.0,0.0,1.0,2.0,5.0,inferred
Chichester,2020-08-22,0.0,0.0,0.0,2.0,5.0,inferred
Chichester,2020-08-23,0.0,0.0,1.0,2.0,5.0,inferred
Chichester,2020-08-24,0.0,0.0,0.0,1.0,5.0,inferred
Chichester,2020-08-25,0.0,0.0,0.0,1.0,5.0,inferred
Chichester,2020-08-26,0.0,0.0,0.0,1.0,5.0,inferred
Chichester,2020-08-27,0.0,0.0,0.0,1.0,5.0,inferred
Chichester,2020-08-28,0.0,0.0,1.0,2.0,5.0,inferred
Chichester,2020-08-29,0.0,0.0,1.0,2.0,5.0,inferred
Chichester,2020-08-30,0.0,0.0,1.0,2.0,6.0,inferred
Chichester,2020-08-31,0.0,0.0,1.0,2.0,6.0,inferred
Chichester,2020-09-01,0.0,0.0,1.0,3.0,7.0,inferred
Chichester,2020-09-02,0.0,0.0,1.0,3.0,7.0,inferred
Chichester,2020-09-03,0.0,0.0,1.0,3.0,7.0,inferred
Chichester,2020-09-04,0.0,1.0,2.0,3.0,7.0,inferred
Chichester,2020-09-05,0.0,0.0,1.0,3.0,7.0,inferred
Chichester,2020-09-06,0.0,0.0,1.0,3.0,7.0,inferred
Chichester,2020-09-07,0.0,0.0,1.0,3.0,7.0,inferred
Chichester,2020-09-08,0.0,0.0,1.0,3.0,7.0,inferred
Chichester,2020-09-09,0.0,0.0,1.0,3.0,7.0,inferred
Chichester,2020-09-10,0.0,0.0,1.0,3.0,7.0,inferred
Chichester,2020-09-11,0.0,0.0,1.0,3.0,7.0,inferred
Chichester,2020-09-12,0.0,0.0,1.0,3.0,7.0,inferred
Chichester,2020-09-13,0.0,0.0,1.0,3.0,7.0,inferred
Chichester,2020-09-14,0.0,0.0,2.0,3.0,7.0,inferred
Chichester,2020-09-15,0.0,1.0,2.0,3.0,7.0,inferred
Chichester,2020-09-16,0.0,1.0,2.0,3.0,8.0,inferred
Chichester,2020-09-17,0.0,0.0,1.0,3.0,8.0,inferred
Chichester,2020-09-18,0.0,0.0,2.0,3.0,8.0,inferred
Chichester,2020-09-19,0.0,1.0,2.0,3.0,8.0,inferred
Chichester,2020-09-20,0.0,1.0,2.0,3.0,8.0,inferred
Chichester,2020-09-21,0.0,1.0,2.0,4.0,9.0,inferred
Chichester,2020-09-22,0.0,1.0,2.0,4.0,9.0,inferred
Chichester,2020-09-23,0.0,1.0,3.0,4.0,9.0,inferred
Chichester,2020-09-24,0.0,1.0,3.0,5.0,10.0,inferred
Chichester,2020-09-25,0.0,2.0,3.0,5.0,10.0,inferred
Chichester,2020-09-26,0.0,2.0,4.0,6.0,11.0,inferred
Chichester,2020-09-27,0.0,2.0,4.0,6.0,12.0,inferred
Chichester,2020-09-28,0.0,2.0,4.0,7.0,13.0,inferred
Chichester,2020-09-29,0.0,3.0,5.0,7.0,13.0,inferred
Chichester,2020-09-30,0.0,3.0,5.0,7.0,13.0,inferred
Chichester,2020-10-01,0.0,3.0,5.0,7.0,13.0,inferred
Chichester,2020-10-02,0.0,3.0,5.0,7.0,13.0,inferred
Chichester,2020-10-03,1.0,3.0,5.0,7.0,14.0,inferred
Chichester,2020-10-04,1.0,3.0,5.0,8.0,15.0,inferred
Chichester,2020-10-05,1.0,4.0,6.0,9.0,15.0,inferred
Chichester,2020-10-06,1.0,5.0,7.0,10.0,17.0,inferred
Chichester,2020-10-07,2.0,5.0,8.0,10.0,17.0,inferred
Chichester,2020-10-08,2.0,6.0,8.0,11.0,18.0,inferred
Chichester,2020-10-09,2.0,6.0,9.0,12.0,19.0,inferred
Chichester,2020-10-10,2.0,6.0,9.0,12.0,19.0,inferred
Chichester,2020-10-11,2.0,6.0,9.0,12.0,19.0,inferred
Chichester,2020-10-12,2.0,6.0,9.0,12.0,20.0,inferred
Chichester,2020-10-13,2.0,7.0,9.0,13.0,21.0,inferred
Chichester,2020-10-14,3.0,7.0,10.0,13.0,20.0,inferred
Chichester,2020-10-15,3.0,7.0,10.0,14.0,22.0,inferred
Chichester,2020-10-16,3.0,8.0,11.0,14.0,22.0,inferred
Chichester,2020-10-17,3.0,8.0,11.0,15.0,23.0,inferred
Chichester,2020-10-18,4.0,8.0,12.0,16.0,24.0,inferred
Chichester,2020-10-19,4.0,9.0,12.0,16.0,24.0,inferred
Chichester,2020-10-20,5.0,10.0,13.0,17.0,27.0,inferred
Chichester,2020-10-21,5.0,11.0,15.0,19.0,28.0,inferred
Chichester,2020-10-22,6.0,12.0,16.0,20.0,30.0,inferred
Chichester,2020-10-23,7.0,13.0,17.0,21.0,31.0,inferred
Chichester,2020-10-24,7.0,14.0,18.0,22.0,32.0,inferred
Chichester,2020-10-25,8.0,14.0,18.0,22.0,33.0,inferred
Chichester,2020-10-26,8.0,14.0,18.0,23.0,32.0,inferred
Chichester,2020-10-27,8.0,14.0,18.0,22.0,33.0,inferred
Chichester,2020-10-28,8.0,15.0,19.0,23.0,33.0,inferred
Chichester,2020-10-29,8.0,15.0,19.0,24.0,34.0,inferred
Chichester,2020-10-30,9.0,16.0,20.0,25.0,35.0,inferred
City of London,2020-08-01,1.0,4.0,6.0,9.0,15.0,inferred
City of London,2020-08-02,1.0,4.0,6.0,9.0,15.0,inferred
City of London,2020-08-03,1.0,4.0,6.0,9.0,15.0,inferred
City of London,2020-08-04,1.0,4.0,6.0,8.0,14.0,inferred
City of London,2020-08-05,1.0,3.0,5.5,8.0,14.0,inferred
City of London,2020-08-06,1.0,3.0,5.0,8.0,13.0,inferred
City of London,2020-08-07,0.0,3.0,5.0,7.0,13.0,inferred
City of London,2020-08-08,0.0,3.0,5.0,7.0,13.0,inferred
City of London,2020-08-09,0.0,3.0,5.0,7.0,13.0,inferred
City of London,2020-08-10,1.0,3.0,5.0,8.0,14.0,inferred
City of London,2020-08-11,1.0,4.0,6.0,8.0,14.0,inferred
City of London,2020-08-12,1.0,4.0,6.0,8.0,15.0,inferred
City of London,2020-08-13,1.0,4.0,6.0,8.0,15.0,inferred
City of London,2020-08-14,1.0,3.0,6.0,8.0,14.0,inferred
City of London,2020-08-15,1.0,4.0,6.0,8.0,15.0,inferred
City of London,2020-08-16,1.0,4.0,6.0,9.0,16.0,inferred
City of London,2020-08-17,1.0,5.0,7.0,10.0,17.0,inferred
City of London,2020-08-18,2.0,5.0,8.0,11.0,18.0,inferred
City of London,2020-08-19,2.0,6.0,9.0,12.0,19.0,inferred
City of London,2020-08-20,2.0,7.0,9.0,13.0,20.0,inferred
City of London,2020-08-21,2.0,7.0,9.0,13.0,20.0,inferred
City of London,2020-08-22,2.0,6.0,9.0,13.0,21.0,inferred
City of London,2020-08-23,2.0,6.0,9.0,12.0,22.0,inferred
City of London,2020-08-24,2.0,6.0,9.0,12.0,20.0,inferred
City of London,2020-08-25,2.0,6.0,8.0,12.0,19.0,inferred
City of London,2020-08-26,2.0,5.0,8.0,11.0,18.0,inferred
City of London,2020-08-27,2.0,5.0,7.0,10.0,17.0,inferred
City of London,2020-08-28,1.0,4.0,7.0,10.0,16.0,inferred
City of London,2020-08-29,1.0,4.0,6.0,9.0,16.0,inferred
City of London,2020-08-30,1.0,4.0,7.0,9.0,17.0,inferred
City of London,2020-08-31,1.0,4.0,7.0,10.0,17.0,inferred
City of London,2020-09-01,1.0,5.0,7.0,10.0,17.0,inferred
City of London,2020-09-02,1.0,5.0,7.0,10.0,18.0,inferred
City of London,2020-09-03,1.0,5.0,8.0,11.0,18.0,inferred
City of London,2020-09-04,2.0,6.0,9.0,12.0,19.0,inferred
City of London,2020-09-05,2.0,7.0,9.0,13.0,21.0,inferred
City of London,2020-09-06,3.0,7.0,10.0,14.0,22.0,inferred
City of London,2020-09-07,3.0,8.0,11.0,14.0,23.0,inferred
City of London,2020-09-08,3.0,8.0,11.0,15.0,23.0,inferred
City of London,2020-09-09,4.0,8.0,11.0,15.0,23.0,inferred
City of London,2020-09-10,3.0,8.0,11.0,14.2,23.0,inferred
City of London,2020-09-11,3.0,8.0,11.0,14.0,23.0,inferred
City of London,2020-09-12,3.0,7.0,11.0,14.0,22.0,inferred
City of London,2020-09-13,3.0,7.0,10.0,14.0,22.0,inferred
City of London,2020-09-14,3.0,7.0,10.0,13.0,22.0,inferred
City of London,2020-09-15,2.0,7.0,10.0,13.0,22.0,inferred
City of London,2020-09-16,3.0,7.0,10.0,13.0,22.0,inferred
City of London,2020-09-17,3.0,7.0,10.0,14.0,22.0,inferred
City of London,2020-09-18,4.0,8.0,12.0,15.0,24.0,inferred
City of London,2020-09-19,5.0,10.0,13.0,17.0,26.0,inferred
City of London,2020-09-20,6.0,12.0,15.0,19.0,29.0,inferred
City of London,2020-09-21,7.0,13.0,17.0,22.0,32.0,inferred
City of London,2020-09-22,9.0,16.0,20.0,24.0,35.0,inferred
City of London,2020-09-23,10.0,17.0,22.0,27.0,37.0,inferred
City of London,2020-09-24,12.0,20.0,24.0,30.0,42.0,inferred
City of London,2020-09-25,13.0,22.0,27.0,32.0,44.0,inferred
City of London,2020-09-26,15.0,24.0,29.0,35.0,48.0,inferred
City of London,2020-09-27,16.0,26.0,31.0,37.0,50.0,inferred
City of London,2020-09-28,19.0,28.0,34.0,40.0,53.0,inferred
City of London,2020-09-29,21.0,31.0,37.0,43.0,57.0,inferred
City of London,2020-09-30,22.0,33.0,39.0,46.0,61.0,inferred
City of London,2020-10-01,23.0,35.0,41.0,49.0,64.0,inferred
City of London,2020-10-02,25.0,37.0,44.0,52.0,67.0,inferred
City of London,2020-10-03,26.0,39.0,46.0,54.0,71.0,inferred
City of London,2020-10-04,29.0,41.0,48.0,56.0,72.0,inferred
City of London,2020-10-05,32.0,44.0,51.0,59.0,77.0,inferred
City of London,2020-10-06,33.0,46.0,54.0,62.0,79.0,inferred
City of London,2020-10-07,34.0,48.0,55.0,63.0,81.0,inferred
City of London,2020-10-08,36.0,49.0,57.0,64.2,81.0,inferred
City of London,2020-10-09,36.0,49.0,57.0,65.0,82.0,inferred
City of London,2020-10-10,38.0,50.0,58.0,65.0,82.0,inferred
City of London,2020-10-11,39.0,52.0,59.0,67.0,83.0,inferred
City of London,2020-10-12,39.0,53.0,61.0,69.0,86.0,inferred
City of London,2020-10-13,41.0,54.0,63.0,71.0,89.0,inferred
City of London,2020-10-14,41.0,55.0,63.0,72.0,92.0,inferred
City of London,2020-10-15,43.0,56.0,65.0,74.0,94.0,inferred
City of London,2020-10-16,43.0,57.0,66.0,76.0,94.0,inferred
City of London,2020-10-17,44.0,58.0,67.0,77.0,98.0,inferred
City of London,2020-10-18,45.0,60.0,68.0,78.0,98.0,inferred
City of London,2020-10-19,46.0,60.0,68.0,78.0,101.0,inferred
City of London,2020-10-20,45.0,59.0,68.0,78.2,100.0,inferred
City of London,2020-10-21,45.0,59.0,68.0,79.0,101.0,inferred
City of London,2020-10-22,44.0,59.0,68.0,78.0,100.0,inferred
City of London,2020-10-23,44.0,58.0,67.0,77.0,97.0,inferred
City of London,2020-10-24,45.0,58.0,67.0,76.0,97.0,inferred
City of London,2020-10-25,44.0,59.0,67.0,76.0,95.0,inferred
City of London,2020-10-26,44.0,59.0,67.0,77.0,97.0,inferred
City of London,2020-10-27,44.0,59.0,68.0,78.0,98.0,inferred
City of London,2020-10-28,45.0,58.0,67.0,78.0,103.0,inferred
City of London,2020-10-29,42.0,58.0,67.0,79.0,104.0,inferred
City of London,2020-10-30,44.0,58.0,68.0,79.0,107.0,inferred
Corby,2020-08-01,0.0,0.0,1.0,2.0,5.0,inferred
Corby,2020-08-02,0.0,0.0,1.0,2.0,6.0,inferred
Corby,2020-08-03,0.0,0.0,1.0,3.0,6.0,inferred
Corby,2020-08-04,0.0,1.0,2.0,3.0,8.0,inferred
Corby,2020-08-05,0.0,1.0,2.0,3.0,8.0,inferred
Corby,2020-08-06,0.0,1.0,2.0,3.0,8.0,inferred
Corby,2020-08-07,0.0,1.0,2.0,3.0,8.0,inferred
Corby,2020-08-08,0.0,1.0,2.0,4.0,8.0,inferred
Corby,2020-08-09,0.0,1.0,2.0,4.0,9.0,inferred
Corby,2020-08-10,0.0,1.0,2.0,3.0,8.0,inferred
Corby,2020-08-11,0.0,1.0,2.0,3.0,7.0,inferred
Corby,2020-08-12,0.0,1.0,2.0,3.0,8.0,inferred
Corby,2020-08-13,0.0,1.0,2.0,3.0,8.0,inferred
Corby,2020-08-14,0.0,1.0,2.0,3.0,8.0,inferred
Corby,2020-08-15,0.0,1.0,2.0,4.0,9.0,inferred
Corby,2020-08-16,0.0,1.0,2.0,4.0,9.0,inferred
Corby,2020-08-17,0.0,1.0,2.0,4.0,9.0,inferred
Corby,2020-08-18,0.0,1.0,2.0,4.0,9.0,inferred
Corby,2020-08-19,0.0,1.0,2.0,4.0,9.0,inferred
Corby,2020-08-20,0.0,1.0,3.0,4.0,9.0,inferred
Corby,2020-08-21,0.0,1.0,3.0,4.0,9.0,inferred
Corby,2020-08-22,0.0,2.0,3.0,5.0,11.0,inferred
Corby,2020-08-23,0.0,2.0,3.0,5.0,11.0,inferred
Corby,2020-08-24,0.0,2.0,4.0,6.0,12.0,inferred
Corby,2020-08-25,0.0,2.0,4.0,6.0,12.0,inferred
Corby,2020-08-26,0.0,2.0,4.0,6.0,12.0,inferred
Corby,2020-08-27,0.0,2.0,4.0,6.0,12.0,inferred
Corby,2020-08-28,0.0,2.0,4.0,6.0,11.0,inferred
Corby,2020-08-29,0.0,2.0,4.0,6.0,11.0,inferred
Corby,2020-08-30,0.0,2.0,4.0,6.0,12.0,inferred
Corby,2020-08-31,0.0,2.0,4.0,6.0,12.0,inferred
Corby,2020-09-01,0.0,2.0,4.0,7.0,13.0,inferred
Corby,2020-09-02,0.0,3.0,5.0,7.0,13.0,inferred
Corby,2020-09-03,0.0,3.0,5.0,7.0,13.0,inferred
Corby,2020-09-04,0.0,3.0,5.0,7.0,14.0,inferred
Corby,2020-09-05,0.0,3.0,5.0,7.0,14.0,inferred
Corby,2020-09-06,0.0,3.0,5.0,7.0,14.0,inferred
Corby,2020-09-07,0.0,3.0,5.0,7.0,13.0,inferred
Corby,2020-09-08,0.0,2.0,4.0,6.0,13.0,inferred
Corby,2020-09-09,0.0,2.0,4.0,6.0,12.0,inferred
Corby,2020-09-10,0.0,2.0,4.0,6.0,12.0,inferred
Corby,2020-09-11,0.0,2.0,3.0,6.0,12.0,inferred
Corby,2020-09-12,0.0,2.0,3.0,6.0,12.0,inferred
Corby,2020-09-13,0.0,2.0,3.0,6.0,12.0,inferred
Corby,2020-09-14,0.0,2.0,3.0,6.0,11.0,inferred
Corby,2020-09-15,0.0,2.0,3.0,6.0,11.0,inferred
Corby,2020-09-16,0.0,2.0,3.0,6.0,11.0,inferred
Corby,2020-09-17,0.0,2.0,3.0,5.0,11.0,inferred
Corby,2020-09-18,0.0,2.0,3.0,6.0,11.0,inferred
Corby,2020-09-19,0.0,2.0,4.0,6.0,11.0,inferred
Corby,2020-09-20,0.0,2.0,4.0,6.0,12.0,inferred
Corby,2020-09-21,0.0,2.0,4.0,7.0,12.0,inferred
Corby,2020-09-22,0.0,3.0,4.0,7.0,12.0,inferred
Corby,2020-09-23,0.0,3.0,4.0,7.0,13.0,inferred
Corby,2020-09-24,0.0,3.0,4.0,7.0,13.0,inferred
Corby,2020-09-25,0.0,3.0,4.0,7.0,13.0,inferred
Corby,2020-09-26,0.0,3.0,4.0,7.0,13.0,inferred
Corby,2020-09-27,0.0,3.0,5.0,7.0,13.0,inferred
Corby,2020-09-28,0.0,3.0,5.0,7.0,13.0,inferred
Corby,2020-09-29,0.0,3.0,5.0,7.0,13.0,inferred
Corby,2020-09-30,0.0,3.0,5.0,8.0,14.0,inferred
Corby,2020-10-01,0.0,3.0,5.0,8.0,15.0,inferred
Corby,2020-10-02,1.0,3.0,6.0,8.0,16.0,inferred
Corby,2020-10-03,1.0,4.0,6.0,8.0,15.0,inferred
Corby,2020-10-04,1.0,4.0,6.0,9.0,15.0,inferred
Corby,2020-10-05,1.0,4.0,6.0,9.0,16.0,inferred
Corby,2020-10-06,1.0,4.0,6.0,9.0,17.0,inferred
Corby,2020-10-07,1.0,4.0,7.0,9.0,16.0,inferred
Corby,2020-10-08,1.0,5.0,7.0,10.0,17.0,inferred
Corby,2020-10-09,1.0,5.0,7.0,10.0,17.0,inferred
Corby,2020-10-10,2.0,5.0,7.0,10.0,17.0,inferred
Corby,2020-10-11,1.0,5.0,7.0,10.0,16.0,inferred
Corby,2020-10-12,1.0,5.0,7.0,10.0,17.0,inferred
Corby,2020-10-13,1.0,5.0,7.0,10.0,17.0,inferred
Corby,2020-10-14,2.0,5.0,7.0,10.0,17.0,inferred
Corby,2020-10-15,2.0,5.0,8.0,11.0,18.0,inferred
Corby,2020-10-16,2.0,6.0,8.0,11.0,18.0,inferred
Corby,2020-10-17,2.0,6.0,9.0,12.0,20.0,inferred
Corby,2020-10-18,3.0,6.0,9.0,12.0,19.0,inferred
Corby,2020-10-19,2.0,6.0,9.0,12.0,20.0,inferred
Corby,2020-10-20,2.0,6.0,9.0,12.0,20.0,inferred
Corby,2020-10-21,2.0,6.0,9.0,12.0,19.0,inferred
Corby,2020-10-22,2.0,6.0,9.0,12.0,19.0,inferred
Corby,2020-10-23,2.0,6.0,8.0,12.0,19.0,inferred
Corby,2020-10-24,2.0,6.0,8.0,11.0,19.0,inferred
Corby,2020-10-25,2.0,6.0,9.0,12.0,19.0,inferred
Corby,2020-10-26,2.0,6.0,9.0,12.0,20.0,inferred
Corby,2020-10-27,2.0,6.0,9.0,13.0,20.0,inferred
Corby,2020-10-28,3.0,7.0,9.0,13.0,21.0,inferred
Corby,2020-10-29,2.0,7.0,10.0,13.0,21.0,inferred
Corby,2020-10-30,3.0,7.0,10.0,13.0,21.0,inferred
Cotswold,2020-08-01,0.0,0.0,0.0,1.0,3.0,inferred
Cotswold,2020-08-02,0.0,0.0,0.0,1.0,3.0,inferred
Cotswold,2020-08-03,0.0,0.0,0.0,1.0,4.0,inferred
Cotswold,2020-08-04,0.0,0.0,0.0,1.0,4.0,inferred
Cotswold,2020-08-05,0.0,0.0,0.0,1.0,3.0,inferred
Cotswold,2020-08-06,0.0,0.0,0.0,1.0,3.0,inferred
Cotswold,2020-08-07,0.0,0.0,0.0,1.0,3.0,inferred
Cotswold,2020-08-08,0.0,0.0,0.0,1.0,3.0,inferred
Cotswold,2020-08-09,0.0,0.0,0.0,1.0,3.0,inferred
Cotswold,2020-08-10,0.0,0.0,0.0,1.0,3.0,inferred
Cotswold,2020-08-11,0.0,0.0,0.0,1.0,3.0,inferred
Cotswold,2020-08-12,0.0,0.0,0.0,1.0,4.0,inferred
Cotswold,2020-08-13,0.0,0.0,0.0,1.0,3.0,inferred
Cotswold,2020-08-14,0.0,0.0,0.0,1.0,3.0,inferred
Cotswold,2020-08-15,0.0,0.0,0.0,1.0,3.0,inferred
Cotswold,2020-08-16,0.0,0.0,0.0,1.0,3.0,inferred
Cotswold,2020-08-17,0.0,0.0,0.0,1.0,4.0,inferred
Cotswold,2020-08-18,0.0,0.0,0.0,1.0,3.0,inferred
Cotswold,2020-08-19,0.0,0.0,0.0,1.0,3.0,inferred
Cotswold,2020-08-20,0.0,0.0,0.0,1.0,4.0,inferred
Cotswold,2020-08-21,0.0,0.0,0.0,1.0,3.0,inferred
Cotswold,2020-08-22,0.0,0.0,0.0,1.0,4.0,inferred
Cotswold,2020-08-23,0.0,0.0,0.0,1.0,4.0,inferred
Cotswold,2020-08-24,0.0,0.0,0.0,1.0,3.0,inferred
Cotswold,2020-08-25,0.0,0.0,0.0,1.0,4.0,inferred
Cotswold,2020-08-26,0.0,0.0,0.0,1.0,4.0,inferred
Cotswold,2020-08-27,0.0,0.0,0.0,1.0,4.0,inferred
Cotswold,2020-08-28,0.0,0.0,0.0,1.0,4.0,inferred
Cotswold,2020-08-29,0.0,0.0,0.0,1.0,4.0,inferred
Cotswold,2020-08-30,0.0,0.0,0.0,1.0,4.0,inferred
Cotswold,2020-08-31,0.0,0.0,0.0,1.0,4.0,inferred
Cotswold,2020-09-01,0.0,0.0,0.0,1.0,4.0,inferred
Cotswold,2020-09-02,0.0,0.0,0.0,1.0,4.0,inferred
Cotswold,2020-09-03,0.0,0.0,0.0,1.0,4.0,inferred
Cotswold,2020-09-04,0.0,0.0,0.0,1.0,5.0,inferred
Cotswold,2020-09-05,0.0,0.0,0.0,1.0,5.0,inferred
Cotswold,2020-09-06,0.0,0.0,0.0,1.0,4.0,inferred
Cotswold,2020-09-07,0.0,0.0,0.0,1.0,4.0,inferred
Cotswold,2020-09-08,0.0,0.0,0.0,1.0,4.0,inferred
Cotswold,2020-09-09,0.0,0.0,0.0,1.0,4.0,inferred
Cotswold,2020-09-10,0.0,0.0,0.0,1.0,5.0,inferred
Cotswold,2020-09-11,0.0,0.0,0.0,1.0,4.0,inferred
Cotswold,2020-09-12,0.0,0.0,0.0,2.0,5.0,inferred
Cotswold,2020-09-13,0.0,0.0,0.0,1.0,5.0,inferred
Cotswold,2020-09-14,0.0,0.0,1.0,2.0,5.0,inferred
Cotswold,2020-09-15,0.0,0.0,0.0,1.0,5.0,inferred
Cotswold,2020-09-16,0.0,0.0,1.0,2.0,5.0,inferred
Cotswold,2020-09-17,0.0,0.0,1.0,2.0,5.0,inferred
Cotswold,2020-09-18,0.0,0.0,1.0,2.0,5.0,inferred
Cotswold,2020-09-19,0.0,0.0,1.0,2.0,5.0,inferred
Cotswold,2020-09-20,0.0,0.0,1.0,2.0,5.0,inferred
Cotswold,2020-09-21,0.0,0.0,1.0,2.0,5.0,inferred
Cotswold,2020-09-22,0.0,0.0,1.0,2.0,5.0,inferred
Cotswold,2020-09-23,0.0,0.0,1.0,2.0,6.0,inferred
Cotswold,2020-09-24,0.0,0.0,1.0,3.0,7.0,inferred
Cotswold,2020-09-25,0.0,0.0,2.0,3.0,7.0,inferred
Cotswold,2020-09-26,0.0,1.0,2.0,4.0,8.0,inferred
Cotswold,2020-09-27,0.0,1.0,2.0,4.0,9.0,inferred
Cotswold,2020-09-28,0.0,1.0,3.0,5.0,10.0,inferred
Cotswold,2020-09-29,0.0,2.0,3.0,5.0,11.0,inferred
Cotswold,2020-09-30,0.0,2.0,4.0,6.0,12.0,inferred
Cotswold,2020-10-01,0.0,3.0,5.0,7.0,13.0,inferred
Cotswold,2020-10-02,1.0,3.0,5.0,8.0,14.0,inferred
Cotswold,2020-10-03,1.0,4.0,6.0,8.0,15.0,inferred
Cotswold,2020-10-04,1.0,4.0,7.0,9.0,16.0,inferred
Cotswold,2020-10-05,2.0,5.0,8.0,11.0,18.0,inferred
Cotswold,2020-10-06,2.0,6.0,9.0,12.0,19.0,inferred
Cotswold,2020-10-07,3.0,7.0,10.0,14.0,22.0,inferred
Cotswold,2020-10-08,3.0,7.0,11.0,14.0,22.0,inferred
Cotswold,2020-10-09,3.0,7.0,11.0,14.0,22.0,inferred
Cotswold,2020-10-10,3.0,7.0,10.0,13.0,22.0,inferred
Cotswold,2020-10-11,3.0,7.0,10.0,13.0,21.0,inferred
Cotswold,2020-10-12,2.0,6.0,9.0,12.0,20.0,inferred
Cotswold,2020-10-13,2.0,6.0,9.0,12.0,19.0,inferred
Cotswold,2020-10-14,2.0,6.0,9.0,12.0,19.0,inferred
Cotswold,2020-10-15,2.0,6.0,9.0,12.0,20.0,inferred
Cotswold,2020-10-16,3.0,7.0,10.0,13.0,22.0,inferred
Cotswold,2020-10-17,3.0,7.0,10.0,14.0,22.0,inferred
Cotswold,2020-10-18,3.0,8.0,11.0,15.0,23.0,inferred
Cotswold,2020-10-19,4.0,8.0,12.0,15.0,24.0,inferred
Cotswold,2020-10-20,4.0,9.0,12.0,16.0,25.0,inferred
Cotswold,2020-10-21,4.0,9.0,12.5,16.0,24.0,inferred
Cotswold,2020-10-22,5.0,9.8,13.0,16.2,25.0,inferred
Cotswold,2020-10-23,5.0,10.0,14.0,17.0,26.0,inferred
Cotswold,2020-10-24,5.0,11.0,14.0,18.0,27.0,inferred
Cotswold,2020-10-25,6.0,12.0,15.0,19.0,28.0,inferred
Cotswold,2020-10-26,7.0,13.0,16.0,20.0,29.0,inferred
Cotswold,2020-10-27,7.0,13.0,17.0,22.0,31.0,inferred
Cotswold,2020-10-28,8.0,14.0,18.0,23.0,34.0,inferred
Cotswold,2020-10-29,8.0,15.0,19.0,24.0,35.0,inferred
Cotswold,2020-10-30,9.0,16.0,20.0,25.0,36.0,inferred
Coventry,2020-08-01,1.0,5.0,7.0,10.0,16.0,inferred
Coventry,2020-08-02,1.0,5.0,7.0,10.0,16.0,inferred
Coventry,2020-08-03,1.0,5.0,7.0,9.0,16.0,inferred
Coventry,2020-08-04,2.0,5.0,7.0,10.0,17.0,inferred
Coventry,2020-08-05,2.0,5.0,8.0,11.0,18.0,inferred
Coventry,2020-08-06,2.0,6.0,8.0,11.0,18.0,inferred
Coventry,2020-08-07,2.0,6.0,8.0,11.0,18.0,inferred
Coventry,2020-08-08,2.0,6.0,8.0,11.0,18.0,inferred
Coventry,2020-08-09,2.0,6.0,8.0,12.0,19.0,inferred
Coventry,2020-08-10,2.0,6.0,9.0,12.0,20.0,inferred
Coventry,2020-08-11,2.0,6.0,9.0,13.0,21.0,inferred
Coventry,2020-08-12,3.0,7.0,10.0,13.0,21.0,inferred
Coventry,2020-08-13,3.0,7.0,10.0,14.0,22.0,inferred
Coventry,2020-08-14,3.0,7.0,10.0,14.0,23.0,inferred
Coventry,2020-08-15,2.0,7.0,10.0,13.0,22.0,inferred
Coventry,2020-08-16,2.0,6.0,9.0,12.0,20.0,inferred
Coventry,2020-08-17,2.0,6.0,8.0,11.0,18.0,inferred
Coventry,2020-08-18,2.0,5.0,7.0,10.0,18.0,inferred
Coventry,2020-08-19,1.0,4.0,7.0,10.0,17.0,inferred
Coventry,2020-08-20,1.0,4.0,6.0,9.0,16.0,inferred
Coventry,2020-08-21,1.0,4.0,6.0,9.0,16.0,inferred
Coventry,2020-08-22,1.0,4.0,7.0,10.0,17.0,inferred
Coventry,2020-08-23,1.0,5.0,8.0,11.0,19.0,inferred
Coventry,2020-08-24,2.0,6.0,8.0,12.0,19.0,inferred
Coventry,2020-08-25,2.0,6.0,9.0,12.0,20.0,inferred
Coventry,2020-08-26,2.0,6.0,9.0,12.2,20.0,inferred
Coventry,2020-08-27,2.0,6.0,9.0,12.0,20.0,inferred
Coventry,2020-08-28,2.0,6.0,9.0,12.0,21.0,inferred
Coventry,2020-08-29,3.0,7.0,10.0,13.0,20.0,inferred
Coventry,2020-08-30,3.0,7.0,10.0,13.0,21.0,inferred
Coventry,2020-08-31,3.0,8.0,11.0,14.0,21.0,inferred
Coventry,2020-09-01,4.0,8.0,12.0,15.0,23.0,inferred
Coventry,2020-09-02,4.0,9.0,13.0,17.0,25.0,inferred
Coventry,2020-09-03,5.0,11.0,14.0,18.0,27.0,inferred
Coventry,2020-09-04,6.0,11.0,15.0,19.0,29.0,inferred
Coventry,2020-09-05,7.0,13.0,17.0,21.0,30.0,inferred
Coventry,2020-09-06,8.0,14.0,18.0,22.0,32.0,inferred
Coventry,2020-09-07,8.0,14.0,19.0,23.0,33.0,inferred
Coventry,2020-09-08,8.0,15.0,19.0,24.0,34.0,inferred
Coventry,2020-09-09,8.0,15.0,19.0,24.0,34.0,inferred
Coventry,2020-09-10,8.0,15.0,19.0,23.0,35.0,inferred
Coventry,2020-09-11,8.0,15.0,19.0,23.0,33.0,inferred
Coventry,2020-09-12,8.0,15.0,19.0,24.0,34.0,inferred
Coventry,2020-09-13,9.0,15.0,20.0,24.0,35.0,inferred
Coventry,2020-09-14,9.0,16.0,21.0,26.0,37.0,inferred
Coventry,2020-09-15,10.0,18.0,22.0,27.0,39.0,inferred
Coventry,2020-09-16,13.0,20.0,25.0,30.0,41.0,inferred
Coventry,2020-09-17,16.0,23.0,28.0,34.0,45.0,inferred
Coventry,2020-09-18,18.0,27.0,32.0,38.0,51.0,inferred
Coventry,2020-09-19,20.0,30.0,35.0,42.0,55.0,inferred
Coventry,2020-09-20,22.0,32.0,38.0,44.0,56.0,inferred
Coventry,2020-09-21,24.0,33.0,38.0,45.0,60.0,inferred
Coventry,2020-09-22,23.0,33.0,39.0,45.0,58.0,inferred
Coventry,2020-09-23,24.0,33.0,39.0,46.0,60.0,inferred
Coventry,2020-09-24,24.0,34.0,40.0,46.0,60.0,inferred
Coventry,2020-09-25,24.0,34.0,40.0,47.0,61.0,inferred
Coventry,2020-09-26,25.0,36.0,42.0,49.0,64.0,inferred
Coventry,2020-09-27,28.0,39.0,45.0,52.0,67.0,inferred
Coventry,2020-09-28,31.0,41.0,48.0,55.0,70.0,inferred
Coventry,2020-09-29,33.0,44.0,51.0,58.0,74.0,inferred
Coventry,2020-09-30,34.0,47.0,54.0,61.0,77.0,inferred
Coventry,2020-10-01,37.0,50.0,57.0,64.0,80.0,inferred
Coventry,2020-10-02,40.0,53.0,60.0,68.0,84.0,inferred
Coventry,2020-10-03,41.0,55.0,63.0,72.0,90.0,inferred
Coventry,2020-10-04,45.0,59.0,67.0,77.0,94.0,inferred
Coventry,2020-10-05,49.0,64.0,72.0,81.0,100.0,inferred
Coventry,2020-10-06,54.0,69.0,78.0,87.0,106.0,inferred
Coventry,2020-10-07,58.0,73.0,82.0,92.0,112.0,inferred
Coventry,2020-10-08,59.0,76.0,85.0,95.0,117.0,inferred
Coventry,2020-10-09,62.0,78.0,87.0,98.0,119.0,inferred
Coventry,2020-10-10,64.0,80.0,89.0,100.0,123.0,inferred
Coventry,2020-10-11,66.0,83.0,93.0,103.0,126.0,inferred
Coventry,2020-10-12,69.0,86.0,96.0,107.0,131.0,inferred
Coventry,2020-10-13,71.0,89.0,99.0,110.0,133.0,inferred
Coventry,2020-10-14,74.0,91.0,102.0,112.0,134.0,inferred
Coventry,2020-10-15,74.0,91.0,102.0,113.0,135.0,inferred
Coventry,2020-10-16,73.0,90.0,101.0,112.0,136.0,inferred
Coventry,2020-10-17,73.0,91.0,101.0,111.0,133.0,inferred
Coventry,2020-10-18,74.0,91.0,101.0,112.0,133.0,inferred
Coventry,2020-10-19,77.0,94.0,104.0,114.0,134.0,inferred
Coventry,2020-10-20,79.0,96.0,105.0,116.0,136.0,inferred
Coventry,2020-10-21,79.0,97.0,107.0,118.0,139.0,inferred
Coventry,2020-10-22,78.0,97.0,107.0,118.0,141.0,inferred
Coventry,2020-10-23,77.0,95.0,106.0,116.2,139.0,inferred
Coventry,2020-10-24,75.0,94.0,105.0,116.0,138.0,inferred
Coventry,2020-10-25,77.0,96.0,107.0,118.0,140.0,inferred
Coventry,2020-10-26,79.0,98.0,109.0,120.0,143.0,inferred
Coventry,2020-10-27,83.0,101.0,111.0,122.0,144.0,inferred
Coventry,2020-10-28,84.0,103.0,114.0,125.0,148.0,inferred
Coventry,2020-10-29,84.0,104.0,115.0,128.0,155.0,inferred
Coventry,2020-10-30,84.0,104.0,117.0,131.0,160.0,inferred
Croydon,2020-08-01,0.0,0.0,1.0,2.0,6.0,inferred
Croydon,2020-08-02,0.0,0.0,1.0,2.0,6.0,inferred
Croydon,2020-08-03,0.0,0.0,1.0,3.0,7.0,inferred
Croydon,2020-08-04,0.0,0.0,1.0,3.0,7.0,inferred
Croydon,2020-08-05,0.0,1.0,2.0,3.0,7.0,inferred
Croydon,2020-08-06,0.0,1.0,2.0,3.0,8.0,inferred
Croydon,2020-08-07,0.0,1.0,2.0,4.0,8.0,inferred
Croydon,2020-08-08,0.0,1.0,2.0,4.0,8.0,inferred
Croydon,2020-08-09,0.0,1.0,2.0,4.0,9.0,inferred
Croydon,2020-08-10,0.0,1.0,2.0,4.0,9.0,inferred
Croydon,2020-08-11,0.0,1.0,2.0,4.0,9.0,inferred
Croydon,2020-08-12,0.0,1.0,3.0,5.0,10.0,inferred
Croydon,2020-08-13,0.0,2.0,3.0,5.0,10.0,inferred
Croydon,2020-08-14,0.0,2.0,3.0,6.0,11.0,inferred
Croydon,2020-08-15,0.0,2.0,4.0,6.0,11.0,inferred
Croydon,2020-08-16,0.0,2.0,4.0,6.0,11.0,inferred
Croydon,2020-08-17,0.0,2.0,4.0,6.0,12.0,inferred
Croydon,2020-08-18,0.0,2.0,4.0,6.0,12.0,inferred
Croydon,2020-08-19,0.0,2.0,4.0,6.0,12.0,inferred
Croydon,2020-08-20,0.0,3.0,4.5,7.0,12.0,inferred
Croydon,2020-08-21,0.0,3.0,5.0,7.0,13.0,inferred
Croydon,2020-08-22,0.0,3.0,5.0,7.0,13.0,inferred
Croydon,2020-08-23,0.0,3.0,5.0,7.0,14.0,inferred
Croydon,2020-08-24,1.0,3.0,5.0,8.0,14.0,inferred
Croydon,2020-08-25,1.0,4.0,6.0,8.0,15.0,inferred
Croydon,2020-08-26,1.0,4.0,6.0,9.0,15.0,inferred
Croydon,2020-08-27,1.0,4.0,6.0,9.0,16.0,inferred
Croydon,2020-08-28,1.0,4.0,7.0,9.0,16.0,inferred
Croydon,2020-08-29,1.0,5.0,7.0,10.0,17.0,inferred
Croydon,2020-08-30,2.0,5.0,8.0,11.0,18.0,inferred
Croydon,2020-08-31,2.0,6.0,9.0,12.0,19.0,inferred
Croydon,2020-09-01,3.0,6.0,9.0,12.0,20.0,inferred
Croydon,2020-09-02,3.0,7.0,9.0,13.0,20.0,inferred
Croydon,2020-09-03,3.0,7.0,10.0,13.0,21.0,inferred
Croydon,2020-09-04,3.0,7.0,9.0,13.0,21.0,inferred
Croydon,2020-09-05,3.0,6.0,9.0,13.0,20.0,inferred
Croydon,2020-09-06,2.0,6.0,9.0,12.0,20.0,inferred
Croydon,2020-09-07,3.0,7.0,9.0,13.0,20.0,inferred
Croydon,2020-09-08,2.0,7.0,10.0,13.0,21.0,inferred
Croydon,2020-09-09,2.0,7.0,9.0,13.0,21.0,inferred
Croydon,2020-09-10,3.0,6.0,9.0,12.0,21.0,inferred
Croydon,2020-09-11,2.0,6.0,9.0,12.0,19.0,inferred
Croydon,2020-09-12,2.0,5.0,8.0,11.0,19.0,inferred
Croydon,2020-09-13,1.0,5.0,8.0,11.0,19.0,inferred
Croydon,2020-09-14,2.0,5.0,8.0,11.0,19.0,inferred
Croydon,2020-09-15,2.0,5.0,8.0,11.0,19.0,inferred
Croydon,2020-09-16,2.0,6.0,9.0,12.0,20.0,inferred
Croydon,2020-09-17,3.0,7.0,10.0,14.0,22.0,inferred
Croydon,2020-09-18,4.0,8.0,11.0,15.0,23.0,inferred
Croydon,2020-09-19,4.0,9.0,12.0,16.0,26.0,inferred
Croydon,2020-09-20,4.0,10.0,13.0,17.0,26.0,inferred
Croydon,2020-09-21,5.0,10.0,14.0,18.0,29.0,inferred
Croydon,2020-09-22,6.0,11.0,15.0,20.0,30.0,inferred
Croydon,2020-09-23,7.0,12.0,16.0,21.0,31.0,inferred
Croydon,2020-09-24,7.0,14.0,18.0,22.0,33.0,inferred
Croydon,2020-09-25,9.0,15.0,19.0,24.0,35.0,inferred
Croydon,2020-09-26,10.0,17.0,21.0,26.0,37.0,inferred
Croydon,2020-09-27,12.0,19.0,23.0,29.0,39.0,inferred
Croydon,2020-09-28,13.0,21.0,26.0,31.0,43.0,inferred
Croydon,2020-09-29,15.0,23.0,28.0,34.0,46.0,inferred
Croydon,2020-09-30,16.0,25.0,31.0,36.0,50.0,inferred
Croydon,2020-10-01,19.0,27.0,33.0,39.0,52.0,inferred
Croydon,2020-10-02,19.0,29.0,35.0,41.0,55.0,inferred
Croydon,2020-10-03,20.0,30.0,36.0,43.0,56.0,inferred
Croydon,2020-10-04,20.0,30.0,37.0,44.0,59.0,inferred
Croydon,2020-10-05,21.0,31.8,38.0,45.0,59.0,inferred
Croydon,2020-10-06,23.0,33.0,39.0,46.0,60.0,inferred
Croydon,2020-10-07,24.0,34.0,40.0,47.0,62.0,inferred
Croydon,2020-10-08,24.0,35.0,41.0,48.0,62.0,inferred
Croydon,2020-10-09,26.0,36.0,42.0,49.0,64.0,inferred
Croydon,2020-10-10,26.0,37.0,43.0,51.0,65.0,inferred
Croydon,2020-10-11,27.0,39.0,45.0,52.0,67.0,inferred
Croydon,2020-10-12,29.0,40.0,47.0,54.0,70.0,inferred
Croydon,2020-10-13,29.0,41.0,48.0,55.0,70.0,inferred
Croydon,2020-10-14,30.0,42.0,49.0,57.0,72.0,inferred
Croydon,2020-10-15,32.0,43.0,50.0,58.0,74.0,inferred
Croydon,2020-10-16,31.0,44.0,51.0,59.0,75.0,inferred
Croydon,2020-10-17,33.0,45.0,53.0,61.0,78.0,inferred
Croydon,2020-10-18,33.0,47.0,54.0,62.0,80.0,inferred
Croydon,2020-10-19,35.0,49.0,56.0,65.0,83.0,inferred
Croydon,2020-10-20,38.0,51.0,59.0,67.0,84.0,inferred
Croydon,2020-10-21,40.0,53.0,60.0,68.0,88.0,inferred
Croydon,2020-10-22,41.0,54.0,62.0,70.0,87.0,inferred
Croydon,2020-10-23,41.0,55.0,62.0,71.0,88.0,inferred
Croydon,2020-10-24,44.0,56.0,63.0,72.0,88.0,inferred
Croydon,2020-10-25,44.0,57.0,65.0,73.0,91.0,inferred
Croydon,2020-10-26,45.0,59.0,67.0,75.0,93.0,inferred
Croydon,2020-10-27,47.0,60.0,68.0,77.0,94.0,inferred
Croydon,2020-10-28,46.0,61.0,70.0,79.0,99.0,inferred
Croydon,2020-10-29,47.0,62.0,71.0,81.0,103.0,inferred
Croydon,2020-10-30,47.0,62.0,72.0,84.0,112.0,inferred
Dacorum,2020-08-01,0.0,0.0,1.0,2.0,5.0,inferred
Dacorum,2020-08-02,0.0,0.0,1.0,2.0,6.0,inferred
Dacorum,2020-08-03,0.0,0.0,1.0,2.0,6.0,inferred
Dacorum,2020-08-04,0.0,0.0,1.0,2.0,6.0,inferred
Dacorum,2020-08-05,0.0,0.0,1.0,2.0,6.0,inferred
Dacorum,2020-08-06,0.0,0.0,1.0,2.0,6.0,inferred
Dacorum,2020-08-07,0.0,0.0,1.0,2.0,6.0,inferred
Dacorum,2020-08-08,0.0,0.0,1.0,2.0,6.0,inferred
Dacorum,2020-08-09,0.0,0.0,1.0,2.0,6.0,inferred
Dacorum,2020-08-10,0.0,0.0,1.0,2.0,6.0,inferred
Dacorum,2020-08-11,0.0,0.0,1.0,2.0,6.0,inferred
Dacorum,2020-08-12,0.0,0.0,1.0,3.0,6.0,inferred
Dacorum,2020-08-13,0.0,0.0,1.0,3.0,7.0,inferred
Dacorum,2020-08-14,0.0,0.0,1.0,3.0,7.0,inferred
Dacorum,2020-08-15,0.0,1.0,2.0,3.0,8.0,inferred
Dacorum,2020-08-16,0.0,1.0,2.0,4.0,8.0,inferred
Dacorum,2020-08-17,0.0,1.0,2.0,4.0,9.0,inferred
Dacorum,2020-08-18,0.0,2.0,3.0,5.0,10.0,inferred
Dacorum,2020-08-19,0.0,2.0,3.0,5.0,11.0,inferred
Dacorum,2020-08-20,0.0,2.0,4.0,6.0,11.0,inferred
Dacorum,2020-08-21,0.0,2.0,4.0,6.0,12.0,inferred
Dacorum,2020-08-22,0.0,2.0,4.0,6.0,12.0,inferred
Dacorum,2020-08-23,0.0,2.0,4.0,6.0,11.0,inferred
Dacorum,2020-08-24,0.0,2.0,4.0,6.0,12.0,inferred
Dacorum,2020-08-25,0.0,2.0,4.0,7.0,12.0,inferred
Dacorum,2020-08-26,0.0,2.0,4.0,6.0,12.0,inferred
Dacorum,2020-08-27,0.0,2.0,4.0,7.0,13.0,inferred
Dacorum,2020-08-28,0.0,2.0,4.0,7.0,12.0,inferred
Dacorum,2020-08-29,0.0,2.0,4.0,7.0,13.0,inferred
Dacorum,2020-08-30,0.0,2.0,4.0,6.0,13.0,inferred
Dacorum,2020-08-31,0.0,2.0,4.0,6.0,12.0,inferred
Dacorum,2020-09-01,0.0,2.0,4.0,6.0,12.0,inferred
Dacorum,2020-09-02,0.0,2.0,4.0,6.0,12.0,inferred
Dacorum,2020-09-03,0.0,2.0,3.0,5.0,11.0,inferred
Dacorum,2020-09-04,0.0,1.0,3.0,5.0,10.0,inferred
Dacorum,2020-09-05,0.0,1.0,2.0,4.0,9.0,inferred
Dacorum,2020-09-06,0.0,1.0,2.0,4.0,9.0,inferred
Dacorum,2020-09-07,0.0,1.0,2.0,4.0,8.0,inferred
Dacorum,2020-09-08,0.0,1.0,2.0,4.0,9.0,inferred
Dacorum,2020-09-09,0.0,1.0,2.0,4.0,8.0,inferred
Dacorum,2020-09-10,0.0,1.0,2.0,4.0,8.0,inferred
Dacorum,2020-09-11,0.0,1.0,2.0,4.0,9.0,inferred
Dacorum,2020-09-12,0.0,1.0,2.0,4.0,9.0,inferred
Dacorum,2020-09-13,0.0,1.0,2.0,4.0,9.0,inferred
Dacorum,2020-09-14,0.0,1.0,2.0,4.0,9.0,inferred
Dacorum,2020-09-15,0.0,1.0,2.0,4.0,9.0,inferred
Dacorum,2020-09-16,0.0,1.0,3.0,4.0,9.0,inferred
Dacorum,2020-09-17,0.0,1.0,3.0,5.0,10.0,inferred
Dacorum,2020-09-18,0.0,2.0,3.0,5.0,10.0,inferred
Dacorum,2020-09-19,0.0,2.0,3.0,5.0,11.0,inferred
Dacorum,2020-09-20,0.0,2.0,4.0,6.0,12.0,inferred
Dacorum,2020-09-21,0.0,2.0,4.0,6.0,12.0,inferred
Dacorum,2020-09-22,0.0,2.0,4.0,6.0,12.0,inferred
Dacorum,2020-09-23,0.0,3.0,5.0,7.0,13.0,inferred
Dacorum,2020-09-24,1.0,4.0,6.0,8.2,15.0,inferred
Dacorum,2020-09-25,1.0,5.0,7.0,10.0,17.0,inferred
Dacorum,2020-09-26,2.0,6.0,8.0,11.0,18.0,inferred
Dacorum,2020-09-27,3.0,7.0,10.0,13.0,22.0,inferred
Dacorum,2020-09-28,4.0,8.0,11.0,15.0,23.0,inferred
Dacorum,2020-09-29,4.0,9.0,12.0,16.0,25.0,inferred
Dacorum,2020-09-30,5.0,10.0,13.0,17.0,26.0,inferred
Dacorum,2020-10-01,5.0,10.0,14.0,17.0,26.0,inferred
Dacorum,2020-10-02,5.0,10.0,14.0,18.0,27.0,inferred
Dacorum,2020-10-03,5.0,11.0,14.0,18.0,28.0,inferred
Dacorum,2020-10-04,6.0,12.0,15.0,19.0,29.0,inferred
Dacorum,2020-10-05,7.0,13.0,16.0,21.0,31.0,inferred
Dacorum,2020-10-06,8.0,14.0,18.0,22.0,33.0,inferred
Dacorum,2020-10-07,8.0,15.0,19.0,24.0,34.0,inferred
Dacorum,2020-10-08,9.0,16.0,20.0,25.0,35.0,inferred
Dacorum,2020-10-09,9.0,16.0,20.0,25.0,35.0,inferred
Dacorum,2020-10-10,9.0,15.0,19.0,24.0,34.0,inferred
Dacorum,2020-10-11,9.0,15.0,19.0,24.0,34.0,inferred
Dacorum,2020-10-12,8.0,15.0,19.0,23.0,33.0,inferred
Dacorum,2020-10-13,8.0,14.0,18.0,23.0,33.0,inferred
Dacorum,2020-10-14,7.0,14.0,18.0,22.0,32.0,inferred
Dacorum,2020-10-15,7.0,14.0,18.0,22.0,32.0,inferred
Dacorum,2020-10-16,8.0,14.0,18.0,23.0,33.0,inferred
Dacorum,2020-10-17,9.0,15.0,19.0,23.0,34.0,inferred
Dacorum,2020-10-18,9.0,16.0,20.0,25.0,35.0,inferred
Dacorum,2020-10-19,10.0,17.0,21.0,26.0,37.0,inferred
Dacorum,2020-10-20,10.0,17.0,22.0,26.0,37.0,inferred
Dacorum,2020-10-21,10.0,17.0,22.0,27.0,37.0,inferred
Dacorum,2020-10-22,10.0,17.0,22.0,27.0,38.0,inferred
Dacorum,2020-10-23,10.0,17.0,22.0,27.0,37.0,inferred
Dacorum,2020-10-24,10.0,17.0,21.0,27.0,37.0,inferred
Dacorum,2020-10-25,10.0,17.0,22.0,26.0,37.0,inferred
Dacorum,2020-10-26,10.0,18.0,22.0,26.0,37.0,inferred
Dacorum,2020-10-27,10.0,17.0,21.0,26.0,37.0,inferred
Dacorum,2020-10-28,10.0,17.0,21.0,26.0,36.0,inferred
Dacorum,2020-10-29,9.0,16.0,20.0,25.0,36.0,inferred
Dacorum,2020-10-30,8.0,16.0,20.0,25.0,37.0,inferred
Daventry,2020-08-01,0.0,0.0,0.0,1.0,4.0,inferred
Daventry,2020-08-02,0.0,0.0,0.0,1.0,4.0,inferred
Daventry,2020-08-03,0.0,0.0,0.0,1.0,3.0,inferred
Daventry,2020-08-04,0.0,0.0,0.0,0.0,3.0,inferred
Daventry,2020-08-05,0.0,0.0,0.0,0.0,2.0,inferred
Daventry,2020-08-06,0.0,0.0,0.0,0.0,2.0,inferred
Daventry,2020-08-07,0.0,0.0,0.0,0.0,2.0,inferred
Daventry,2020-08-08,0.0,0.0,0.0,0.0,3.0,inferred
Daventry,2020-08-09,0.0,0.0,0.0,1.0,3.0,inferred
Daventry,2020-08-10,0.0,0.0,0.0,1.0,4.0,inferred
Daventry,2020-08-11,0.0,0.0,0.0,1.0,4.0,inferred
Daventry,2020-08-12,0.0,0.0,0.0,1.0,4.0,inferred
Daventry,2020-08-13,0.0,0.0,0.0,1.0,4.0,inferred
Daventry,2020-08-14,0.0,0.0,0.0,1.0,4.0,inferred
Daventry,2020-08-15,0.0,0.0,0.0,1.0,5.0,inferred
Daventry,2020-08-16,0.0,0.0,0.0,1.0,5.0,inferred
Daventry,2020-08-17,0.0,0.0,0.0,2.0,5.0,inferred
Daventry,2020-08-18,0.0,0.0,1.0,2.0,5.0,inferred
Daventry,2020-08-19,0.0,0.0,0.0,2.0,5.0,inferred
Daventry,2020-08-20,0.0,0.0,1.0,2.0,5.0,inferred
Daventry,2020-08-21,0.0,0.0,1.0,1.0,5.0,inferred
Daventry,2020-08-22,0.0,0.0,0.0,1.0,5.0,inferred
Daventry,2020-08-23,0.0,0.0,0.0,1.2,5.0,inferred
Daventry,2020-08-24,0.0,0.0,0.0,1.0,5.0,inferred
Daventry,2020-08-25,0.0,0.0,1.0,2.0,5.0,inferred
Daventry,2020-08-26,0.0,0.0,1.0,2.0,5.0,inferred
Daventry,2020-08-27,0.0,0.0,1.0,2.0,5.0,inferred
Daventry,2020-08-28,0.0,0.0,1.0,2.0,5.0,inferred
Daventry,2020-08-29,0.0,0.0,1.0,2.0,5.0,inferred
Daventry,2020-08-30,0.0,0.0,1.0,2.0,6.0,inferred
Daventry,2020-08-31,0.0,0.0,1.0,2.0,7.0,inferred
Daventry,2020-09-01,0.0,0.0,1.0,3.0,7.0,inferred
Daventry,2020-09-02,0.0,0.0,1.0,3.0,7.0,inferred
Daventry,2020-09-03,0.0,0.0,1.0,3.0,7.0,inferred
Daventry,2020-09-04,0.0,0.0,2.0,3.0,7.0,inferred
Daventry,2020-09-05,0.0,1.0,2.0,3.0,8.0,inferred
Daventry,2020-09-06,0.0,1.0,2.0,3.0,7.0,inferred
Daventry,2020-09-07,0.0,0.0,1.0,3.0,7.0,inferred
Daventry,2020-09-08,0.0,1.0,2.0,3.0,8.0,inferred
Daventry,2020-09-09,0.0,1.0,2.0,3.0,8.0,inferred
Daventry,2020-09-10,0.0,1.0,2.0,3.0,7.0,inferred
Daventry,2020-09-11,0.0,1.0,2.0,3.0,7.0,inferred
Daventry,2020-09-12,0.0,0.0,1.0,3.0,7.0,inferred
Daventry,2020-09-13,0.0,0.0,1.0,3.0,7.0,inferred
Daventry,2020-09-14,0.0,0.0,1.0,3.0,7.0,inferred
Daventry,2020-09-15,0.0,0.0,1.0,3.0,7.0,inferred
Daventry,2020-09-16,0.0,1.0,2.0,3.0,7.0,inferred
Daventry,2020-09-17,0.0,1.0,2.0,3.0,8.0,inferred
Daventry,2020-09-18,0.0,1.0,2.0,4.0,8.0,inferred
Daventry,2020-09-19,0.0,1.0,2.0,4.0,8.0,inferred
Daventry,2020-09-20,0.0,1.0,2.0,4.0,9.0,inferred
Daventry,2020-09-21,0.0,1.0,2.0,4.0,10.0,inferred
Daventry,2020-09-22,0.0,1.0,3.0,5.0,9.0,inferred
Daventry,2020-09-23,0.0,1.0,3.0,5.0,10.0,inferred
Daventry,2020-09-24,0.0,2.0,3.0,5.0,10.0,inferred
Daventry,2020-09-25,0.0,2.0,3.0,6.0,10.0,inferred
Daventry,2020-09-26,0.0,2.0,4.0,6.0,11.0,inferred
Daventry,2020-09-27,0.0,3.0,4.0,6.0,12.0,inferred
Daventry,2020-09-28,0.0,3.0,5.0,7.0,14.0,inferred
Daventry,2020-09-29,1.0,3.0,5.0,8.0,14.0,inferred
Daventry,2020-09-30,1.0,4.0,6.0,8.0,15.0,inferred
Daventry,2020-10-01,1.0,4.0,7.0,9.0,15.0,inferred
Daventry,2020-10-02,2.0,5.0,7.0,10.0,16.0,inferred
Daventry,2020-10-03,2.0,5.0,8.0,11.0,17.0,inferred
Daventry,2020-10-04,2.0,5.0,8.0,11.0,18.0,inferred
Daventry,2020-10-05,2.0,6.0,8.0,11.0,19.0,inferred
Daventry,2020-10-06,2.0,6.0,9.0,12.0,19.0,inferred
Daventry,2020-10-07,2.0,6.0,9.0,12.0,20.0,inferred
Daventry,2020-10-08,3.0,7.0,9.0,13.0,20.0,inferred
Daventry,2020-10-09,3.0,7.0,10.0,13.0,20.0,inferred
Daventry,2020-10-10,3.0,7.0,10.0,13.0,20.0,inferred
Daventry,2020-10-11,3.0,7.0,10.0,13.0,21.0,inferred
Daventry,2020-10-12,3.0,7.0,10.0,13.0,21.0,inferred
Daventry,2020-10-13,3.0,7.0,10.0,13.0,20.0,inferred
Daventry,2020-10-14,3.0,7.0,10.0,13.0,21.0,inferred
Daventry,2020-10-15,3.0,7.0,10.0,13.0,22.0,inferred
Daventry,2020-10-16,3.0,7.0,10.0,14.0,22.0,inferred
Daventry,2020-10-17,3.0,8.0,11.0,14.0,23.0,inferred
Daventry,2020-10-18,4.0,8.0,11.0,15.0,23.0,inferred
Daventry,2020-10-19,4.0,9.0,12.0,15.0,24.0,inferred
Daventry,2020-10-20,4.0,9.0,12.0,16.0,24.0,inferred
Daventry,2020-10-21,4.0,9.0,12.0,16.0,25.0,inferred
Daventry,2020-10-22,5.0,10.0,13.0,16.0,24.0,inferred
Daventry,2020-10-23,5.0,10.0,13.0,17.0,25.0,inferred
Daventry,2020-10-24,5.0,10.0,13.0,17.0,26.0,inferred
Daventry,2020-10-25,5.0,10.0,13.0,17.0,26.0,inferred
Daventry,2020-10-26,5.0,10.0,14.0,18.0,27.0,inferred
Daventry,2020-10-27,5.0,11.0,14.0,18.0,27.0,inferred
Daventry,2020-10-28,6.0,11.0,15.0,19.0,28.0,inferred
Daventry,2020-10-29,6.0,11.0,15.0,18.0,27.0,inferred
Daventry,2020-10-30,5.0,11.0,14.0,18.0,28.0,inferred
Ealing,2020-08-01,0.0,2.0,4.0,6.0,12.0,inferred
Ealing,2020-08-02,0.0,3.0,5.0,7.0,12.0,inferred
Ealing,2020-08-03,0.0,3.0,5.0,7.0,13.0,inferred
Ealing,2020-08-04,1.0,3.0,5.0,7.0,13.0,inferred
Ealing,2020-08-05,1.0,3.0,5.0,8.0,14.0,inferred
Ealing,2020-08-06,1.0,3.0,5.0,8.0,14.0,inferred
Ealing,2020-08-07,0.0,3.0,5.0,7.0,13.0,inferred
Ealing,2020-08-08,1.0,3.0,5.0,7.0,13.0,inferred
Ealing,2020-08-09,0.0,3.0,5.0,7.0,13.0,inferred
Ealing,2020-08-10,0.0,3.0,5.0,7.0,13.0,inferred
Ealing,2020-08-11,0.0,3.0,5.0,7.0,13.0,inferred
Ealing,2020-08-12,0.0,3.0,5.0,8.0,14.0,inferred
Ealing,2020-08-13,1.0,3.0,6.0,8.0,15.0,inferred
Ealing,2020-08-14,1.0,4.0,6.0,9.0,15.0,inferred
Ealing,2020-08-15,1.0,5.0,7.0,10.0,16.0,inferred
Ealing,2020-08-16,2.0,5.0,8.0,11.0,18.0,inferred
Ealing,2020-08-17,2.0,6.0,8.0,12.0,19.0,inferred
Ealing,2020-08-18,2.0,6.0,9.0,12.0,19.0,inferred
Ealing,2020-08-19,2.0,6.0,9.0,12.0,20.0,inferred
Ealing,2020-08-20,2.0,6.0,9.0,12.0,19.0,inferred
Ealing,2020-08-21,2.0,6.0,9.0,12.0,19.0,inferred
Ealing,2020-08-22,2.0,6.0,9.0,12.0,19.0,inferred
Ealing,2020-08-23,2.0,5.0,8.0,11.0,19.0,inferred
Ealing,2020-08-24,2.0,5.0,8.0,11.0,18.0,inferred
Ealing,2020-08-25,2.0,5.0,8.0,11.0,17.0,inferred
Ealing,2020-08-26,1.0,5.0,8.0,11.0,18.0,inferred
Ealing,2020-08-27,2.0,5.0,7.0,10.0,18.0,inferred
Ealing,2020-08-28,2.0,5.0,7.0,10.0,17.0,inferred
Ealing,2020-08-29,2.0,5.0,8.0,10.0,17.0,inferred
Ealing,2020-08-30,2.0,5.0,8.0,11.0,18.0,inferred
Ealing,2020-08-31,2.0,6.0,9.0,12.0,19.0,inferred
Ealing,2020-09-01,3.0,7.0,9.0,13.0,20.0,inferred
Ealing,2020-09-02,3.0,7.0,10.0,13.0,21.0,inferred
Ealing,2020-09-03,3.0,7.0,10.0,14.0,21.0,inferred
Ealing,2020-09-04,3.0,8.0,11.0,14.0,22.0,inferred
Ealing,2020-09-05,4.0,9.0,12.0,15.0,24.0,inferred
Ealing,2020-09-06,4.0,9.0,12.0,16.0,24.0,inferred
Ealing,2020-09-07,4.0,9.0,13.0,16.0,25.0,inferred
Ealing,2020-09-08,5.0,10.0,13.0,17.0,26.0,inferred
Ealing,2020-09-09,5.0,10.0,13.0,17.0,26.0,inferred
Ealing,2020-09-10,5.0,10.0,13.0,17.0,26.0,inferred
Ealing,2020-09-11,4.0,9.0,12.0,16.0,25.0,inferred
Ealing,2020-09-12,4.0,8.0,12.0,15.0,24.0,inferred
Ealing,2020-09-13,3.0,8.0,11.0,14.0,22.0,inferred
Ealing,2020-09-14,3.0,7.0,10.0,14.0,22.0,inferred
Ealing,2020-09-15,3.0,7.0,10.0,14.0,22.0,inferred
Ealing,2020-09-16,4.0,8.0,12.0,15.0,24.0,inferred
Ealing,2020-09-17,5.0,10.0,14.0,17.0,27.0,inferred
Ealing,2020-09-18,6.0,12.0,16.0,20.0,29.0,inferred
Ealing,2020-09-19,7.0,13.0,17.0,22.0,31.0,inferred
Ealing,2020-09-20,8.0,15.0,19.0,23.0,33.0,inferred
Ealing,2020-09-21,9.0,16.0,20.0,25.0,36.0,inferred
Ealing,2020-09-22,11.0,18.0,22.0,27.0,39.0,inferred
Ealing,2020-09-23,12.0,20.0,25.0,30.0,42.0,inferred
Ealing,2020-09-24,14.0,22.0,27.0,33.0,44.0,inferred
Ealing,2020-09-25,16.0,25.0,30.0,36.0,49.0,inferred
Ealing,2020-09-26,18.0,27.0,33.0,39.0,52.0,inferred
Ealing,2020-09-27,21.0,30.0,36.0,42.0,56.0,inferred
Ealing,2020-09-28,23.0,33.0,39.0,46.0,60.0,inferred
Ealing,2020-09-29,25.0,36.0,42.0,49.0,63.0,inferred
Ealing,2020-09-30,28.0,38.0,45.0,51.0,67.0,inferred
Ealing,2020-10-01,30.0,40.0,47.0,55.0,69.0,inferred
Ealing,2020-10-02,32.0,44.0,51.0,58.0,73.0,inferred
Ealing,2020-10-03,34.0,46.0,54.0,61.0,77.0,inferred
Ealing,2020-10-04,37.0,50.0,58.0,65.0,81.0,inferred
Ealing,2020-10-05,41.0,54.0,62.0,70.0,88.0,inferred
Ealing,2020-10-06,44.0,57.0,66.0,74.0,93.0,inferred
Ealing,2020-10-07,46.0,60.0,69.0,78.2,99.0,inferred
Ealing,2020-10-08,48.0,63.0,72.0,82.0,102.0,inferred
Ealing,2020-10-09,49.0,65.0,74.0,82.0,102.0,inferred
Ealing,2020-10-10,51.0,66.0,74.0,84.0,102.0,inferred
Ealing,2020-10-11,53.0,67.0,76.0,86.0,105.0,inferred
Ealing,2020-10-12,54.0,71.0,79.0,89.0,109.0,inferred
Ealing,2020-10-13,58.0,73.0,82.0,92.0,110.0,inferred
Ealing,2020-10-14,59.0,75.0,84.0,94.0,115.0,inferred
Ealing,2020-10-15,59.0,75.0,85.0,96.0,116.0,inferred
Ealing,2020-10-16,60.0,76.0,87.0,97.0,119.0,inferred
Ealing,2020-10-17,62.0,79.0,89.0,99.0,122.0,inferred
Ealing,2020-10-18,67.0,83.0,93.0,103.0,123.0,inferred
Ealing,2020-10-19,71.0,87.0,97.0,107.0,128.0,inferred
Ealing,2020-10-20,75.0,91.0,101.0,112.0,132.0,inferred
Ealing,2020-10-21,75.0,94.0,103.0,114.0,135.0,inferred
Ealing,2020-10-22,75.0,94.0,104.0,115.0,137.0,inferred
Ealing,2020-10-23,74.0,92.0,102.0,112.0,134.0,inferred
Ealing,2020-10-24,73.0,90.0,100.0,110.0,131.0,inferred
Ealing,2020-10-25,72.0,89.0,99.0,109.0,129.0,inferred
Ealing,2020-10-26,72.0,88.0,98.0,108.0,129.0,inferred
Ealing,2020-10-27,72.0,89.0,99.0,108.0,128.0,inferred
Ealing,2020-10-28,71.0,88.0,97.0,107.0,126.0,inferred
Ealing,2020-10-29,70.0,87.0,97.0,107.0,128.0,inferred
Ealing,2020-10-30,66.0,84.0,95.0,106.0,129.0,inferred
East Hampshire,2020-08-01,0.0,0.0,0.0,0.0,3.0,inferred
East Hampshire,2020-08-02,0.0,0.0,0.0,0.0,2.0,inferred
East Hampshire,2020-08-03,0.0,0.0,0.0,0.0,3.0,inferred
East Hampshire,2020-08-04,0.0,0.0,0.0,0.0,3.0,inferred
East Hampshire,2020-08-05,0.0,0.0,0.0,1.0,4.0,inferred
East Hampshire,2020-08-06,0.0,0.0,0.0,1.0,4.0,inferred
East Hampshire,2020-08-07,0.0,0.0,0.0,1.0,4.0,inferred
East Hampshire,2020-08-08,0.0,0.0,0.0,1.0,4.0,inferred
East Hampshire,2020-08-09,0.0,0.0,0.0,1.0,4.0,inferred
East Hampshire,2020-08-10,0.0,0.0,0.0,1.0,4.0,inferred
East Hampshire,2020-08-11,0.0,0.0,0.0,1.0,4.0,inferred
East Hampshire,2020-08-12,0.0,0.0,0.0,1.0,5.0,inferred
East Hampshire,2020-08-13,0.0,0.0,0.0,1.0,5.0,inferred
East Hampshire,2020-08-14,0.0,0.0,0.0,1.0,5.0,inferred
East Hampshire,2020-08-15,0.0,0.0,1.0,2.0,5.0,inferred
East Hampshire,2020-08-16,0.0,0.0,1.0,2.0,6.0,inferred
East Hampshire,2020-08-17,0.0,0.0,1.0,2.0,6.0,inferred
East Hampshire,2020-08-18,0.0,0.0,1.0,2.0,6.0,inferred
East Hampshire,2020-08-19,0.0,0.0,1.0,2.0,6.0,inferred
East Hampshire,2020-08-20,0.0,0.0,1.0,2.0,6.0,inferred
East Hampshire,2020-08-21,0.0,0.0,1.0,2.0,6.0,inferred
East Hampshire,2020-08-22,0.0,0.0,1.0,3.0,6.0,inferred
East Hampshire,2020-08-23,0.0,0.0,1.0,3.0,7.0,inferred
East Hampshire,2020-08-24,0.0,0.0,1.0,3.0,7.0,inferred
East Hampshire,2020-08-25,0.0,0.0,1.0,3.0,7.0,inferred
East Hampshire,2020-08-26,0.0,0.0,1.0,3.0,7.0,inferred
East Hampshire,2020-08-27,0.0,0.0,1.0,3.0,7.0,inferred
East Hampshire,2020-08-28,0.0,0.0,1.0,3.0,7.0,inferred
East Hampshire,2020-08-29,0.0,0.0,1.0,3.0,7.0,inferred
East Hampshire,2020-08-30,0.0,0.0,1.0,3.0,7.0,inferred
East Hampshire,2020-08-31,0.0,0.0,1.0,3.0,7.0,inferred
East Hampshire,2020-09-01,0.0,0.0,1.0,3.0,7.0,inferred
East Hampshire,2020-09-02,0.0,0.0,1.0,3.0,7.0,inferred
East Hampshire,2020-09-03,0.0,0.0,1.0,3.0,7.0,inferred
East Hampshire,2020-09-04,0.0,0.0,1.0,3.0,7.0,inferred
East Hampshire,2020-09-05,0.0,0.0,1.0,3.0,7.0,inferred
East Hampshire,2020-09-06,0.0,0.0,1.0,3.0,7.0,inferred
East Hampshire,2020-09-07,0.0,0.0,1.0,3.0,7.0,inferred
East Hampshire,2020-09-08,0.0,0.0,1.0,3.0,7.0,inferred
East Hampshire,2020-09-09,0.0,0.0,1.0,3.0,7.0,inferred
East Hampshire,2020-09-10,0.0,0.0,1.0,3.0,7.0,inferred
East Hampshire,2020-09-11,0.0,0.0,1.0,3.0,7.0,inferred
East Hampshire,2020-09-12,0.0,1.0,2.0,3.0,7.0,inferred
East Hampshire,2020-09-13,0.0,1.0,2.0,3.0,7.0,inferred
East Hampshire,2020-09-14,0.0,1.0,2.0,3.0,8.0,inferred
East Hampshire,2020-09-15,0.0,1.0,2.0,3.0,7.0,inferred
East Hampshire,2020-09-16,0.0,1.0,2.0,3.0,7.0,inferred
East Hampshire,2020-09-17,0.0,1.0,2.0,3.0,7.0,inferred
East Hampshire,2020-09-18,0.0,1.0,2.0,3.0,8.0,inferred
East Hampshire,2020-09-19,0.0,1.0,2.0,3.0,8.0,inferred
East Hampshire,2020-09-20,0.0,1.0,2.0,4.0,8.0,inferred
East Hampshire,2020-09-21,0.0,1.0,2.0,4.0,9.0,inferred
East Hampshire,2020-09-22,0.0,1.0,2.0,4.0,9.0,inferred
East Hampshire,2020-09-23,0.0,1.0,3.0,5.0,10.0,inferred
East Hampshire,2020-09-24,0.0,2.0,3.0,5.0,11.0,inferred
East Hampshire,2020-09-25,0.0,2.0,3.0,5.0,11.0,inferred
East Hampshire,2020-09-26,0.0,2.0,4.0,6.0,11.0,inferred
East Hampshire,2020-09-27,0.0,2.0,4.0,6.0,12.0,inferred
East Hampshire,2020-09-28,0.0,3.0,5.0,7.0,13.0,inferred
East Hampshire,2020-09-29,1.0,3.0,6.0,8.0,14.0,inferred
East Hampshire,2020-09-30,1.0,4.0,6.0,9.0,15.0,inferred
East Hampshire,2020-10-01,1.0,5.0,7.0,10.0,17.0,inferred
East Hampshire,2020-10-02,2.0,5.0,8.0,11.0,18.0,inferred
East Hampshire,2020-10-03,2.0,6.0,8.0,11.0,18.0,inferred
East Hampshire,2020-10-04,2.0,6.0,8.0,12.0,19.0,inferred
East Hampshire,2020-10-05,2.0,6.0,9.0,12.0,19.0,inferred
East Hampshire,2020-10-06,2.0,7.0,9.5,13.0,20.0,inferred
East Hampshire,2020-10-07,3.0,7.0,10.0,13.0,21.0,inferred
East Hampshire,2020-10-08,3.0,7.0,10.0,14.0,22.0,inferred
East Hampshire,2020-10-09,3.0,7.0,10.0,13.0,22.0,inferred
East Hampshire,2020-10-10,3.0,7.0,10.0,13.0,22.0,inferred
East Hampshire,2020-10-11,3.0,7.0,10.0,13.0,21.0,inferred
East Hampshire,2020-10-12,3.0,7.0,10.0,13.0,21.0,inferred
East Hampshire,2020-10-13,3.0,7.0,10.0,13.0,20.0,inferred
East Hampshire,2020-10-14,3.0,7.0,9.0,13.0,20.0,inferred
East Hampshire,2020-10-15,2.0,7.0,9.0,13.0,21.0,inferred
East Hampshire,2020-10-16,3.0,7.0,10.0,13.0,22.0,inferred
East Hampshire,2020-10-17,3.0,8.0,11.0,14.0,22.0,inferred
East Hampshire,2020-10-18,4.0,8.0,11.0,15.0,23.0,inferred
East Hampshire,2020-10-19,4.0,9.0,12.0,16.0,24.0,inferred
East Hampshire,2020-10-20,5.0,10.0,13.0,16.0,25.0,inferred
East Hampshire,2020-10-21,5.0,10.0,13.0,17.0,25.0,inferred
East Hampshire,2020-10-22,5.0,10.0,14.0,18.0,26.0,inferred
East Hampshire,2020-10-23,5.0,10.0,14.0,18.0,27.0,inferred
East Hampshire,2020-10-24,5.0,11.0,14.0,18.0,27.0,inferred
East Hampshire,2020-10-25,5.0,11.0,14.0,18.0,27.0,inferred
East Hampshire,2020-10-26,6.0,11.0,15.0,19.0,28.0,inferred
East Hampshire,2020-10-27,6.0,11.0,15.0,19.0,28.0,inferred
East Hampshire,2020-10-28,6.0,12.0,15.0,20.0,29.0,inferred
East Hampshire,2020-10-29,6.0,12.0,16.0,20.0,29.0,inferred
East Hampshire,2020-10-30,6.0,12.0,16.0,20.0,31.0,inferred
East Hertfordshire,2020-08-01,0.0,0.0,0.0,0.0,2.0,inferred
East Hertfordshire,2020-08-02,0.0,0.0,0.0,1.0,3.0,inferred
East Hertfordshire,2020-08-03,0.0,0.0,0.0,1.0,4.0,inferred
East Hertfordshire,2020-08-04,0.0,0.0,1.0,2.0,5.0,inferred
East Hertfordshire,2020-08-05,0.0,0.0,1.0,2.0,5.0,inferred
East Hertfordshire,2020-08-06,0.0,0.0,1.0,2.0,5.0,inferred
East Hertfordshire,2020-08-07,0.0,0.0,1.0,2.0,5.0,inferred
East Hertfordshire,2020-08-08,0.0,0.0,1.0,2.0,5.0,inferred
East Hertfordshire,2020-08-09,0.0,0.0,0.0,2.0,5.0,inferred
East Hertfordshire,2020-08-10,0.0,0.0,0.0,2.0,5.0,inferred
East Hertfordshire,2020-08-11,0.0,0.0,0.0,2.0,5.0,inferred
East Hertfordshire,2020-08-12,0.0,0.0,1.0,2.0,5.0,inferred
East Hertfordshire,2020-08-13,0.0,0.0,1.0,2.0,6.0,inferred
East Hertfordshire,2020-08-14,0.0,0.0,1.0,2.0,6.0,inferred
East Hertfordshire,2020-08-15,0.0,0.0,1.0,2.0,6.0,inferred
East Hertfordshire,2020-08-16,0.0,0.0,1.0,2.0,6.0,inferred
East Hertfordshire,2020-08-17,0.0,0.0,1.0,2.0,6.0,inferred
East Hertfordshire,2020-08-18,0.0,0.0,1.0,2.0,6.0,inferred
East Hertfordshire,2020-08-19,0.0,0.0,1.0,2.0,6.0,inferred
East Hertfordshire,2020-08-20,0.0,0.0,1.0,3.0,6.0,inferred
East Hertfordshire,2020-08-21,0.0,0.0,1.0,3.0,8.0,inferred
East Hertfordshire,2020-08-22,0.0,1.0,2.0,3.0,7.0,inferred
East Hertfordshire,2020-08-23,0.0,1.0,2.0,3.0,8.0,inferred
East Hertfordshire,2020-08-24,0.0,1.0,2.0,3.0,8.0,inferred
East Hertfordshire,2020-08-25,0.0,1.0,2.0,3.0,7.0,inferred
East Hertfordshire,2020-08-26,0.0,1.0,2.0,3.0,8.0,inferred
East Hertfordshire,2020-08-27,0.0,1.0,2.0,3.0,7.0,inferred
East Hertfordshire,2020-08-28,0.0,1.0,2.0,3.0,8.0,inferred
East Hertfordshire,2020-08-29,0.0,1.0,2.0,3.0,8.0,inferred
East Hertfordshire,2020-08-30,0.0,1.0,2.0,3.0,7.0,inferred
East Hertfordshire,2020-08-31,0.0,1.0,2.0,3.0,8.0,inferred
East Hertfordshire,2020-09-01,0.0,1.0,2.0,3.0,8.0,inferred
East Hertfordshire,2020-09-02,0.0,1.0,2.0,4.0,9.0,inferred
East Hertfordshire,2020-09-03,0.0,1.0,2.0,4.0,8.0,inferred
East Hertfordshire,2020-09-04,0.0,1.0,2.0,4.0,8.0,inferred
East Hertfordshire,2020-09-05,0.0,1.0,2.0,4.0,8.0,inferred
East Hertfordshire,2020-09-06,0.0,1.0,2.0,4.0,9.0,inferred
East Hertfordshire,2020-09-07,0.0,1.0,2.0,4.0,9.0,inferred
East Hertfordshire,2020-09-08,0.0,1.0,2.0,4.0,9.0,inferred
East Hertfordshire,2020-09-09,0.0,1.0,2.0,4.0,8.0,inferred
East Hertfordshire,2020-09-10,0.0,1.0,2.0,4.0,8.0,inferred
East Hertfordshire,2020-09-11,0.0,1.0,2.0,4.0,9.0,inferred
East Hertfordshire,2020-09-12,0.0,1.0,2.0,4.0,9.0,inferred
East Hertfordshire,2020-09-13,0.0,1.0,2.0,4.0,9.0,inferred
East Hertfordshire,2020-09-14,0.0,1.0,3.0,5.0,10.0,inferred
East Hertfordshire,2020-09-15,0.0,2.0,3.0,5.0,10.0,inferred
East Hertfordshire,2020-09-16,0.0,2.0,3.0,5.0,10.0,inferred
East Hertfordshire,2020-09-17,0.0,2.0,4.0,6.0,11.0,inferred
East Hertfordshire,2020-09-18,0.0,2.0,4.0,6.0,11.0,inferred
East Hertfordshire,2020-09-19,0.0,2.0,4.0,6.0,12.0,inferred
East Hertfordshire,2020-09-20,0.0,2.0,4.0,7.0,12.0,inferred
East Hertfordshire,2020-09-21,0.0,3.0,4.0,7.0,13.0,inferred
East Hertfordshire,2020-09-22,0.0,3.0,5.0,7.0,13.0,inferred
East Hertfordshire,2020-09-23,0.0,3.0,5.0,8.0,14.0,inferred
East Hertfordshire,2020-09-24,1.0,3.0,6.0,8.0,15.0,inferred
East Hertfordshire,2020-09-25,1.0,4.0,6.0,9.0,16.0,inferred
East Hertfordshire,2020-09-26,2.0,5.0,7.0,11.0,17.0,inferred
East Hertfordshire,2020-09-27,2.0,6.0,9.0,12.0,20.0,inferred
East Hertfordshire,2020-09-28,3.0,7.0,10.0,14.0,21.0,inferred
East Hertfordshire,2020-09-29,4.0,9.0,12.0,16.0,24.0,inferred
East Hertfordshire,2020-09-30,5.0,10.0,14.0,18.0,26.0,inferred
East Hertfordshire,2020-10-01,6.0,11.0,15.0,19.0,29.0,inferred
East Hertfordshire,2020-10-02,7.0,12.0,16.0,21.0,29.0,inferred
East Hertfordshire,2020-10-03,7.0,13.0,17.0,21.0,31.0,inferred
East Hertfordshire,2020-10-04,8.0,14.0,18.0,22.0,32.0,inferred
East Hertfordshire,2020-10-05,8.0,15.0,19.0,23.0,34.0,inferred
East Hertfordshire,2020-10-06,9.0,16.0,20.0,24.0,35.0,inferred
East Hertfordshire,2020-10-07,9.0,16.0,21.0,25.0,36.0,inferred
East Hertfordshire,2020-10-08,9.0,16.0,21.0,25.0,35.0,inferred
East Hertfordshire,2020-10-09,10.0,16.0,21.0,25.0,35.0,inferred
East Hertfordshire,2020-10-10,9.0,16.0,20.0,25.0,36.0,inferred
East Hertfordshire,2020-10-11,9.0,16.0,20.0,25.0,36.0,inferred
East Hertfordshire,2020-10-12,9.0,16.0,20.0,25.0,36.0,inferred
East Hertfordshire,2020-10-13,9.0,16.0,20.0,25.0,36.0,inferred
East Hertfordshire,2020-10-14,9.0,16.0,20.0,25.0,36.0,inferred
East Hertfordshire,2020-10-15,8.0,16.0,20.0,25.0,36.0,inferred
East Hertfordshire,2020-10-16,9.0,16.0,20.0,25.0,35.0,inferred
East Hertfordshire,2020-10-17,10.0,17.0,21.0,26.0,36.0,inferred
East Hertfordshire,2020-10-18,10.0,17.0,22.0,26.0,36.0,inferred
East Hertfordshire,2020-10-19,10.0,18.0,22.0,27.0,38.0,inferred
East Hertfordshire,2020-10-20,11.0,18.0,22.0,27.0,39.0,inferred
East Hertfordshire,2020-10-21,11.0,18.0,23.0,28.0,40.0,inferred
East Hertfordshire,2020-10-22,11.0,18.0,23.0,28.0,39.0,inferred
East Hertfordshire,2020-10-23,10.0,18.0,22.0,27.0,38.0,inferred
East Hertfordshire,2020-10-24,10.0,17.0,22.0,26.0,37.0,inferred
East Hertfordshire,2020-10-25,9.0,16.0,21.0,26.0,37.0,inferred
East Hertfordshire,2020-10-26,9.0,16.0,20.0,25.0,36.0,inferred
East Hertfordshire,2020-10-27,8.0,15.0,20.0,25.0,36.0,inferred
East Hertfordshire,2020-10-28,8.0,15.0,20.0,24.0,36.0,inferred
East Hertfordshire,2020-10-29,7.0,14.0,19.0,24.0,35.0,inferred
East Hertfordshire,2020-10-30,8.0,14.0,19.0,24.0,35.0,inferred
East Northamptonshire,2020-08-01,0.0,1.0,2.0,4.0,8.0,inferred
East Northamptonshire,2020-08-02,0.0,1.0,2.0,4.0,8.0,inferred
East Northamptonshire,2020-08-03,0.0,1.0,2.0,3.0,8.0,inferred
East Northamptonshire,2020-08-04,0.0,1.0,2.0,3.0,7.0,inferred
East Northamptonshire,2020-08-05,0.0,0.0,1.0,3.0,6.0,inferred
East Northamptonshire,2020-08-06,0.0,0.0,1.0,2.0,6.0,inferred
East Northamptonshire,2020-08-07,0.0,0.0,1.0,2.0,5.0,inferred
East Northamptonshire,2020-08-08,0.0,0.0,1.0,2.0,5.0,inferred
East Northamptonshire,2020-08-09,0.0,0.0,1.0,2.0,5.0,inferred
East Northamptonshire,2020-08-10,0.0,0.0,1.0,2.0,6.0,inferred
East Northamptonshire,2020-08-11,0.0,0.0,1.0,2.0,6.0,inferred
East Northamptonshire,2020-08-12,0.0,0.0,1.0,2.0,6.0,inferred
East Northamptonshire,2020-08-13,0.0,0.0,1.0,2.0,6.0,inferred
East Northamptonshire,2020-08-14,0.0,0.0,1.0,2.0,6.0,inferred
East Northamptonshire,2020-08-15,0.0,0.0,1.0,2.0,6.0,inferred
East Northamptonshire,2020-08-16,0.0,0.0,1.0,2.0,6.0,inferred
East Northamptonshire,2020-08-17,0.0,0.0,1.0,2.0,6.0,inferred
East Northamptonshire,2020-08-18,0.0,0.0,1.0,2.0,6.0,inferred
East Northamptonshire,2020-08-19,0.0,0.0,1.0,2.0,6.0,inferred
East Northamptonshire,2020-08-20,0.0,0.0,1.0,2.0,7.0,inferred
East Northamptonshire,2020-08-21,0.0,0.0,1.0,2.0,6.0,inferred
East Northamptonshire,2020-08-22,0.0,0.0,1.0,3.0,7.0,inferred
East Northamptonshire,2020-08-23,0.0,0.0,1.0,3.0,7.0,inferred
East Northamptonshire,2020-08-24,0.0,0.0,1.0,3.0,7.0,inferred
East Northamptonshire,2020-08-25,0.0,0.0,1.0,3.0,7.0,inferred
East Northamptonshire,2020-08-26,0.0,1.0,2.0,3.0,7.0,inferred
East Northamptonshire,2020-08-27,0.0,1.0,2.0,3.0,8.0,inferred
East Northamptonshire,2020-08-28,0.0,1.0,2.0,3.0,7.0,inferred
East Northamptonshire,2020-08-29,0.0,1.0,2.0,3.0,8.0,inferred
East Northamptonshire,2020-08-30,0.0,1.0,2.0,4.0,9.0,inferred
East Northamptonshire,2020-08-31,0.0,1.0,2.0,4.0,8.0,inferred
East Northamptonshire,2020-09-01,0.0,1.0,2.0,4.0,8.0,inferred
East Northamptonshire,2020-09-02,0.0,1.0,2.0,4.0,9.0,inferred
East Northamptonshire,2020-09-03,0.0,1.0,2.0,4.0,9.0,inferred
East Northamptonshire,2020-09-04,0.0,1.0,2.0,4.0,9.0,inferred
East Northamptonshire,2020-09-05,0.0,1.0,2.0,4.0,8.0,inferred
East Northamptonshire,2020-09-06,0.0,1.0,2.0,4.0,9.0,inferred
East Northamptonshire,2020-09-07,0.0,1.0,2.0,4.0,9.0,inferred
East Northamptonshire,2020-09-08,0.0,1.0,2.0,4.0,8.0,inferred
East Northamptonshire,2020-09-09,0.0,1.0,2.0,4.0,8.0,inferred
East Northamptonshire,2020-09-10,0.0,1.0,2.0,4.0,9.0,inferred
East Northamptonshire,2020-09-11,0.0,1.0,2.0,4.0,8.0,inferred
East Northamptonshire,2020-09-12,0.0,1.0,2.0,3.0,8.0,inferred
East Northamptonshire,2020-09-13,0.0,1.0,2.0,3.0,8.0,inferred
East Northamptonshire,2020-09-14,0.0,1.0,2.0,3.0,8.0,inferred
East Northamptonshire,2020-09-15,0.0,1.0,2.0,4.0,8.0,inferred
East Northamptonshire,2020-09-16,0.0,1.0,2.0,4.0,8.0,inferred
East Northamptonshire,2020-09-17,0.0,1.0,2.0,4.0,8.0,inferred
East Northamptonshire,2020-09-18,0.0,1.0,2.0,4.0,9.0,inferred
East Northamptonshire,2020-09-19,0.0,1.0,2.0,4.0,9.0,inferred
East Northamptonshire,2020-09-20,0.0,1.0,2.0,4.0,9.0,inferred
East Northamptonshire,2020-09-21,0.0,1.0,2.0,4.0,10.0,inferred
East Northamptonshire,2020-09-22,0.0,1.0,3.0,4.0,10.0,inferred
East Northamptonshire,2020-09-23,0.0,1.0,3.0,5.0,11.0,inferred
East Northamptonshire,2020-09-24,0.0,2.0,3.0,5.0,11.0,inferred
East Northamptonshire,2020-09-25,0.0,2.0,4.0,6.0,12.0,inferred
East Northamptonshire,2020-09-26,0.0,3.0,5.0,7.0,13.0,inferred
East Northamptonshire,2020-09-27,1.0,3.0,5.0,8.0,15.0,inferred
East Northamptonshire,2020-09-28,1.0,4.0,6.0,9.0,15.0,inferred
East Northamptonshire,2020-09-29,1.0,4.0,7.0,10.0,16.0,inferred
East Northamptonshire,2020-09-30,2.0,5.0,8.0,11.0,18.0,inferred
East Northamptonshire,2020-10-01,2.0,5.0,8.0,11.0,19.0,inferred
East Northamptonshire,2020-10-02,2.0,6.0,9.0,12.0,21.0,inferred
East Northamptonshire,2020-10-03,2.0,6.0,9.0,12.0,20.0,inferred
East Northamptonshire,2020-10-04,2.0,6.0,9.0,13.0,21.0,inferred
East Northamptonshire,2020-10-05,2.0,6.0,9.0,13.0,21.0,inferred
East Northamptonshire,2020-10-06,3.0,7.0,9.0,13.0,22.0,inferred
East Northamptonshire,2020-10-07,3.0,7.0,10.0,13.0,22.0,inferred
East Northamptonshire,2020-10-08,3.0,7.0,10.0,14.0,22.0,inferred
East Northamptonshire,2020-10-09,3.0,8.0,10.0,14.0,22.0,inferred
East Northamptonshire,2020-10-10,3.0,8.0,11.0,14.0,22.0,inferred
East Northamptonshire,2020-10-11,3.0,8.0,11.0,15.0,24.0,inferred
East Northamptonshire,2020-10-12,4.0,8.0,12.0,16.0,25.0,inferred
East Northamptonshire,2020-10-13,4.0,9.0,13.0,16.0,25.0,inferred
East Northamptonshire,2020-10-14,4.0,10.0,13.0,17.0,26.0,inferred
East Northamptonshire,2020-10-15,4.0,10.0,13.0,17.0,26.0,inferred
East Northamptonshire,2020-10-16,5.0,10.0,14.0,18.0,27.0,inferred
East Northamptonshire,2020-10-17,5.0,10.0,14.0,18.0,27.0,inferred
East Northamptonshire,2020-10-18,5.0,10.0,14.0,18.0,27.0,inferred
East Northamptonshire,2020-10-19,5.0,11.0,14.0,19.0,28.0,inferred
East Northamptonshire,2020-10-20,5.0,11.0,15.0,19.0,29.0,inferred
East Northamptonshire,2020-10-21,6.0,12.0,16.0,20.0,30.0,inferred
East Northamptonshire,2020-10-22,7.0,13.0,17.0,22.0,32.0,inferred
East Northamptonshire,2020-10-23,8.0,14.0,18.0,23.0,34.0,inferred
East Northamptonshire,2020-10-24,8.0,15.0,19.0,24.0,35.0,inferred
East Northamptonshire,2020-10-25,9.0,15.0,20.0,25.0,37.0,inferred
East Northamptonshire,2020-10-26,9.0,16.0,21.0,26.0,38.0,inferred
East Northamptonshire,2020-10-27,10.0,18.0,22.5,28.0,38.0,inferred
East Northamptonshire,2020-10-28,10.0,18.0,23.0,29.0,42.0,inferred
East Northamptonshire,2020-10-29,10.0,19.0,24.0,30.0,43.0,inferred
East Northamptonshire,2020-10-30,10.0,19.0,25.0,31.0,43.0,inferred
Eastleigh,2020-08-01,0.0,0.0,0.0,0.0,3.0,inferred
Eastleigh,2020-08-02,0.0,0.0,0.0,0.0,3.0,inferred
Eastleigh,2020-08-03,0.0,0.0,0.0,0.0,2.0,inferred
Eastleigh,2020-08-04,0.0,0.0,0.0,0.0,2.0,inferred
Eastleigh,2020-08-05,0.0,0.0,0.0,0.0,3.0,inferred
Eastleigh,2020-08-06,0.0,0.0,0.0,0.0,3.0,inferred
Eastleigh,2020-08-07,0.0,0.0,0.0,0.0,3.0,inferred
Eastleigh,2020-08-08,0.0,0.0,0.0,1.0,3.0,inferred
Eastleigh,2020-08-09,0.0,0.0,0.0,1.0,4.0,inferred
Eastleigh,2020-08-10,0.0,0.0,0.0,1.0,4.0,inferred
Eastleigh,2020-08-11,0.0,0.0,0.0,1.0,4.0,inferred
Eastleigh,2020-08-12,0.0,0.0,0.0,1.0,4.0,inferred
Eastleigh,2020-08-13,0.0,0.0,0.0,1.0,4.0,inferred
Eastleigh,2020-08-14,0.0,0.0,0.0,1.0,5.0,inferred
Eastleigh,2020-08-15,0.0,0.0,0.0,1.0,4.0,inferred
Eastleigh,2020-08-16,0.0,0.0,0.0,1.0,5.0,inferred
Eastleigh,2020-08-17,0.0,0.0,0.0,1.0,5.0,inferred
Eastleigh,2020-08-18,0.0,0.0,0.0,1.0,4.0,inferred
Eastleigh,2020-08-19,0.0,0.0,0.0,1.0,4.0,inferred
Eastleigh,2020-08-20,0.0,0.0,0.0,1.0,4.0,inferred
Eastleigh,2020-08-21,0.0,0.0,0.0,1.0,4.0,inferred
Eastleigh,2020-08-22,0.0,0.0,0.0,1.0,5.0,inferred
Eastleigh,2020-08-23,0.0,0.0,0.0,1.0,4.0,inferred
Eastleigh,2020-08-24,0.0,0.0,0.0,1.0,4.0,inferred
Eastleigh,2020-08-25,0.0,0.0,0.0,1.0,4.0,inferred
Eastleigh,2020-08-26,0.0,0.0,0.0,1.0,4.0,inferred
Eastleigh,2020-08-27,0.0,0.0,0.0,1.0,4.0,inferred
Eastleigh,2020-08-28,0.0,0.0,0.0,1.0,4.0,inferred
Eastleigh,2020-08-29,0.0,0.0,0.0,1.0,4.0,inferred
Eastleigh,2020-08-30,0.0,0.0,0.0,1.0,5.0,inferred
Eastleigh,2020-08-31,0.0,0.0,0.0,1.0,5.0,inferred
Eastleigh,2020-09-01,0.0,0.0,0.0,1.0,5.0,inferred
Eastleigh,2020-09-02,0.0,0.0,0.0,1.0,5.0,inferred
Eastleigh,2020-09-03,0.0,0.0,0.0,1.0,5.0,inferred
Eastleigh,2020-09-04,0.0,0.0,0.0,2.0,5.0,inferred
Eastleigh,2020-09-05,0.0,0.0,1.0,2.0,5.0,inferred
Eastleigh,2020-09-06,0.0,0.0,1.0,2.0,5.0,inferred
Eastleigh,2020-09-07,0.0,0.0,1.0,2.0,5.0,inferred
Eastleigh,2020-09-08,0.0,0.0,1.0,2.0,5.0,inferred
Eastleigh,2020-09-09,0.0,0.0,1.0,2.0,6.0,inferred
Eastleigh,2020-09-10,0.0,0.0,1.0,2.0,6.0,inferred
Eastleigh,2020-09-11,0.0,0.0,1.0,2.0,6.0,inferred
Eastleigh,2020-09-12,0.0,0.0,1.0,2.0,6.0,inferred
Eastleigh,2020-09-13,0.0,0.0,1.0,2.0,6.0,inferred
Eastleigh,2020-09-14,0.0,0.0,1.0,2.0,5.0,inferred
Eastleigh,2020-09-15,0.0,0.0,1.0,2.0,5.0,inferred
Eastleigh,2020-09-16,0.0,0.0,1.0,2.0,5.0,inferred
Eastleigh,2020-09-17,0.0,0.0,1.0,2.0,6.0,inferred
Eastleigh,2020-09-18,0.0,0.0,1.0,2.0,6.0,inferred
Eastleigh,2020-09-19,0.0,0.0,1.0,2.0,6.0,inferred
Eastleigh,2020-09-20,0.0,0.0,1.0,2.0,6.0,inferred
Eastleigh,2020-09-21,0.0,0.0,1.0,3.0,7.0,inferred
Eastleigh,2020-09-22,0.0,0.0,1.0,3.0,7.0,inferred
Eastleigh,2020-09-23,0.0,0.0,2.0,3.0,7.0,inferred
Eastleigh,2020-09-24,0.0,1.0,2.0,3.0,8.0,inferred
Eastleigh,2020-09-25,0.0,1.0,2.0,4.0,8.0,inferred
Eastleigh,2020-09-26,0.0,1.0,2.0,4.0,9.0,inferred
Eastleigh,2020-09-27,0.0,1.0,3.0,4.0,9.0,inferred
Eastleigh,2020-09-28,0.0,1.0,3.0,5.0,10.0,inferred
Eastleigh,2020-09-29,0.0,2.0,4.0,6.0,11.0,inferred
Eastleigh,2020-09-30,0.0,2.0,4.0,6.0,12.0,inferred
Eastleigh,2020-10-01,0.0,3.0,5.0,7.0,13.0,inferred
Eastleigh,2020-10-02,1.0,3.0,5.0,8.0,14.0,inferred
Eastleigh,2020-10-03,1.0,4.0,6.0,9.0,16.0,inferred
Eastleigh,2020-10-04,1.0,4.0,7.0,10.0,17.0,inferred
Eastleigh,2020-10-05,2.0,5.0,7.0,10.0,18.0,inferred
Eastleigh,2020-10-06,2.0,5.0,8.0,11.0,19.0,inferred
Eastleigh,2020-10-07,2.0,6.0,9.0,12.0,20.0,inferred
Eastleigh,2020-10-08,3.0,7.0,10.0,13.0,21.0,inferred
Eastleigh,2020-10-09,3.0,7.0,10.0,14.0,23.0,inferred
Eastleigh,2020-10-10,4.0,8.0,11.0,15.0,23.0,inferred
Eastleigh,2020-10-11,5.0,10.0,13.0,17.0,26.0,inferred
Eastleigh,2020-10-12,6.0,11.0,14.0,18.0,27.0,inferred
Eastleigh,2020-10-13,6.0,11.0,15.0,19.0,28.0,inferred
Eastleigh,2020-10-14,6.0,12.0,16.0,20.0,30.0,inferred
Eastleigh,2020-10-15,7.0,13.0,17.0,21.0,31.0,inferred
Eastleigh,2020-10-16,7.0,14.0,18.0,22.0,32.0,inferred
Eastleigh,2020-10-17,9.0,15.0,19.0,24.0,35.0,inferred
Eastleigh,2020-10-18,9.0,16.0,21.0,26.0,36.0,inferred
Eastleigh,2020-10-19,11.0,18.0,22.0,27.0,37.0,inferred
Eastleigh,2020-10-20,12.0,19.0,24.0,29.0,40.0,inferred
Eastleigh,2020-10-21,12.0,20.0,25.0,30.2,41.0,inferred
Eastleigh,2020-10-22,14.0,22.0,27.0,32.0,45.0,inferred
Eastleigh,2020-10-23,15.0,23.0,28.0,33.0,46.0,inferred
Eastleigh,2020-10-24,15.0,23.0,29.0,35.0,47.0,inferred
Eastleigh,2020-10-25,15.0,24.0,30.0,36.0,49.0,inferred
Eastleigh,2020-10-26,16.0,24.0,31.0,37.0,51.0,inferred
Eastleigh,2020-10-27,16.0,26.0,32.0,38.0,53.0,inferred
Eastleigh,2020-10-28,17.0,28.0,34.0,40.0,55.0,inferred
Eastleigh,2020-10-29,17.0,29.0,37.0,44.0,60.0,inferred
Eastleigh,2020-10-30,17.0,32.0,40.0,49.0,66.0,inferred
Elmbridge,2020-08-01,0.0,0.0,0.0,1.0,4.0,inferred
Elmbridge,2020-08-02,0.0,0.0,0.0,1.0,4.0,inferred
Elmbridge,2020-08-03,0.0,0.0,0.0,1.0,3.0,inferred
Elmbridge,2020-08-04,0.0,0.0,0.0,1.0,4.0,inferred
Elmbridge,2020-08-05,0.0,0.0,0.0,1.0,4.0,inferred
Elmbridge,2020-08-06,0.0,0.0,0.0,1.0,5.0,inferred
Elmbridge,2020-08-07,0.0,0.0,1.0,2.0,5.0,inferred
Elmbridge,2020-08-08,0.0,0.0,1.0,2.0,6.0,inferred
Elmbridge,2020-08-09,0.0,0.0,1.0,3.0,7.0,inferred
Elmbridge,2020-08-10,0.0,1.0,2.0,3.0,8.0,inferred
Elmbridge,2020-08-11,0.0,1.0,2.0,3.0,8.0,inferred
Elmbridge,2020-08-12,0.0,1.0,2.0,4.0,8.0,inferred
Elmbridge,2020-08-13,0.0,1.0,2.0,4.0,8.0,inferred
Elmbridge,2020-08-14,0.0,1.0,2.0,4.0,8.0,inferred
Elmbridge,2020-08-15,0.0,1.0,2.0,4.0,8.0,inferred
Elmbridge,2020-08-16,0.0,1.0,2.0,4.0,9.0,inferred
Elmbridge,2020-08-17,0.0,1.0,2.0,4.0,9.0,inferred
Elmbridge,2020-08-18,0.0,1.0,2.0,4.0,9.0,inferred
Elmbridge,2020-08-19,0.0,1.0,3.0,4.0,9.0,inferred
Elmbridge,2020-08-20,0.0,1.0,3.0,5.0,10.0,inferred
Elmbridge,2020-08-21,0.0,1.0,3.0,5.0,10.0,inferred
Elmbridge,2020-08-22,0.0,1.0,3.0,5.0,10.0,inferred
Elmbridge,2020-08-23,0.0,1.0,3.0,5.0,10.0,inferred
Elmbridge,2020-08-24,0.0,1.0,3.0,4.0,9.0,inferred
Elmbridge,2020-08-25,0.0,1.0,3.0,5.0,9.0,inferred
Elmbridge,2020-08-26,0.0,1.0,3.0,4.0,10.0,inferred
Elmbridge,2020-08-27,0.0,1.0,3.0,5.0,9.0,inferred
Elmbridge,2020-08-28,0.0,1.0,3.0,5.0,9.0,inferred
Elmbridge,2020-08-29,0.0,1.0,3.0,5.0,10.0,inferred
Elmbridge,2020-08-30,0.0,2.0,3.0,5.0,11.0,inferred
Elmbridge,2020-08-31,0.0,2.0,3.5,6.0,12.0,inferred
Elmbridge,2020-09-01,0.0,2.0,4.0,6.0,12.0,inferred
Elmbridge,2020-09-02,0.0,2.0,4.0,6.0,12.0,inferred
Elmbridge,2020-09-03,0.0,2.0,4.0,6.0,12.0,inferred
Elmbridge,2020-09-04,0.0,2.0,4.0,6.0,11.0,inferred
Elmbridge,2020-09-05,0.0,2.0,3.0,5.0,11.0,inferred
Elmbridge,2020-09-06,0.0,2.0,3.0,5.0,10.0,inferred
Elmbridge,2020-09-07,0.0,1.0,3.0,5.0,10.0,inferred
Elmbridge,2020-09-08,0.0,1.0,3.0,5.0,10.0,inferred
Elmbridge,2020-09-09,0.0,1.0,3.0,5.0,10.0,inferred
Elmbridge,2020-09-10,0.0,1.0,2.0,4.0,9.0,inferred
Elmbridge,2020-09-11,0.0,1.0,2.0,4.0,9.0,inferred
Elmbridge,2020-09-12,0.0,1.0,2.0,4.0,9.0,inferred
Elmbridge,2020-09-13,0.0,1.0,2.0,4.0,8.0,inferred
Elmbridge,2020-09-14,0.0,1.0,2.0,4.0,9.0,inferred
Elmbridge,2020-09-15,0.0,1.0,2.0,4.0,8.0,inferred
Elmbridge,2020-09-16,0.0,1.0,2.0,4.0,9.0,inferred
Elmbridge,2020-09-17,0.0,1.0,3.0,4.0,9.0,inferred
Elmbridge,2020-09-18,0.0,2.0,3.0,5.0,10.0,inferred
Elmbridge,2020-09-19,0.0,2.0,4.0,6.0,11.0,inferred
Elmbridge,2020-09-20,0.0,2.0,4.0,6.0,12.0,inferred
Elmbridge,2020-09-21,0.0,2.0,4.0,6.0,12.0,inferred
Elmbridge,2020-09-22,0.0,3.0,5.0,7.0,13.0,inferred
Elmbridge,2020-09-23,0.0,3.0,5.0,7.0,14.0,inferred
Elmbridge,2020-09-24,1.0,3.0,6.0,8.0,15.0,inferred
Elmbridge,2020-09-25,1.0,4.0,6.0,9.0,15.0,inferred
Elmbridge,2020-09-26,1.0,5.0,7.0,10.0,17.0,inferred
Elmbridge,2020-09-27,2.0,6.0,9.0,12.0,19.0,inferred
Elmbridge,2020-09-28,3.0,7.0,10.0,14.0,23.0,inferred
Elmbridge,2020-09-29,5.0,10.0,13.0,17.0,26.0,inferred
Elmbridge,2020-09-30,6.0,12.0,15.0,20.0,29.0,inferred
Elmbridge,2020-10-01,8.0,14.0,18.0,23.0,32.0,inferred
Elmbridge,2020-10-02,10.0,17.0,21.0,26.0,36.0,inferred
Elmbridge,2020-10-03,11.0,19.0,23.0,28.0,39.0,inferred
Elmbridge,2020-10-04,13.0,20.0,25.0,30.0,41.0,inferred
Elmbridge,2020-10-05,14.0,22.0,27.0,32.0,44.0,inferred
Elmbridge,2020-10-06,15.0,23.0,28.0,34.0,45.0,inferred
Elmbridge,2020-10-07,15.0,24.0,29.0,34.0,47.0,inferred
Elmbridge,2020-10-08,15.0,24.0,29.0,35.0,47.0,inferred
Elmbridge,2020-10-09,15.0,23.0,28.0,34.0,47.0,inferred
Elmbridge,2020-10-10,14.0,22.0,28.0,33.0,45.0,inferred
Elmbridge,2020-10-11,14.0,22.0,28.0,33.0,44.0,inferred
Elmbridge,2020-10-12,15.0,23.0,28.0,33.0,45.0,inferred
Elmbridge,2020-10-13,15.0,24.0,29.0,34.0,46.0,inferred
Elmbridge,2020-10-14,15.0,24.0,29.0,34.0,47.0,inferred
Elmbridge,2020-10-15,15.0,23.0,29.0,35.0,48.0,inferred
Elmbridge,2020-10-16,15.0,23.0,28.0,34.0,47.0,inferred
Elmbridge,2020-10-17,14.0,23.0,28.0,34.0,48.0,inferred
Elmbridge,2020-10-18,13.0,22.0,27.0,34.0,46.0,inferred
Elmbridge,2020-10-19,13.0,21.0,27.0,33.0,45.0,inferred
Elmbridge,2020-10-20,12.0,21.0,26.0,32.0,44.0,inferred
Elmbridge,2020-10-21,12.0,20.0,25.0,31.0,43.0,inferred
Elmbridge,2020-10-22,12.0,19.0,24.0,29.0,41.0,inferred
Elmbridge,2020-10-23,11.0,18.0,23.0,28.0,39.0,inferred
Elmbridge,2020-10-24,10.0,18.0,22.0,27.0,38.0,inferred
Elmbridge,2020-10-25,10.0,17.0,21.0,26.0,37.0,inferred
Elmbridge,2020-10-26,10.0,17.0,21.0,26.0,37.0,inferred
Elmbridge,2020-10-27,10.0,16.0,21.0,25.0,36.0,inferred
Elmbridge,2020-10-28,10.0,16.0,21.0,25.0,36.0,inferred
Elmbridge,2020-10-29,9.0,16.0,21.0,25.0,37.0,inferred
Elmbridge,2020-10-30,9.0,16.0,21.0,26.0,38.0,inferred
Enfield,2020-08-01,0.0,1.0,2.0,4.0,9.0,inferred
Enfield,2020-08-02,0.0,1.0,2.0,4.0,9.0,inferred
Enfield,2020-08-03,0.0,1.0,2.0,4.0,9.0,inferred
Enfield,2020-08-04,0.0,1.0,2.0,4.0,9.0,inferred
Enfield,2020-08-05,0.0,1.0,2.0,4.0,8.0,inferred
Enfield,2020-08-06,0.0,1.0,2.0,4.0,9.0,inferred
Enfield,2020-08-07,0.0,1.0,2.0,4.0,9.0,inferred
Enfield,2020-08-08,0.0,1.0,3.0,4.0,9.0,inferred
Enfield,2020-08-09,0.0,1.0,3.0,4.0,9.0,inferred
Enfield,2020-08-10,0.0,1.0,3.0,5.0,10.0,inferred
Enfield,2020-08-11,0.0,1.0,3.0,5.0,9.0,inferred
Enfield,2020-08-12,0.0,1.0,3.0,5.0,9.0,inferred
Enfield,2020-08-13,0.0,1.0,3.0,5.0,10.0,inferred
Enfield,2020-08-14,0.0,1.0,3.0,5.0,10.0,inferred
Enfield,2020-08-15,0.0,2.0,3.0,5.0,10.0,inferred
Enfield,2020-08-16,0.0,2.0,4.0,6.0,11.0,inferred
Enfield,2020-08-17,0.0,2.0,4.0,6.0,12.0,inferred
Enfield,2020-08-18,0.0,3.0,5.0,7.0,13.0,inferred
Enfield,2020-08-19,1.0,3.0,5.0,8.0,14.0,inferred
Enfield,2020-08-20,1.0,3.0,6.0,8.0,15.0,inferred
Enfield,2020-08-21,1.0,4.0,6.0,8.0,14.0,inferred
Enfield,2020-08-22,1.0,4.0,6.0,9.0,14.0,inferred
Enfield,2020-08-23,1.0,4.0,6.0,9.0,15.0,inferred
Enfield,2020-08-24,1.0,4.0,6.0,9.0,15.0,inferred
Enfield,2020-08-25,1.0,4.0,6.0,9.0,16.0,inferred
Enfield,2020-08-26,1.0,4.0,6.0,9.0,15.0,inferred
Enfield,2020-08-27,1.0,4.0,7.0,9.0,16.0,inferred
Enfield,2020-08-28,1.0,4.0,7.0,9.0,16.0,inferred
Enfield,2020-08-29,1.0,4.0,7.0,9.0,16.0,inferred
Enfield,2020-08-30,1.0,5.0,7.0,10.0,17.0,inferred
Enfield,2020-08-31,1.0,5.0,8.0,11.0,18.0,inferred
Enfield,2020-09-01,2.0,6.0,8.0,11.0,18.0,inferred
Enfield,2020-09-02,3.0,7.0,9.0,13.0,20.0,inferred
Enfield,2020-09-03,3.0,7.0,10.0,14.0,22.0,inferred
Enfield,2020-09-04,4.0,8.0,11.0,15.0,23.0,inferred
Enfield,2020-09-05,4.0,9.0,12.0,16.0,24.0,inferred
Enfield,2020-09-06,4.0,9.0,12.0,16.0,25.0,inferred
Enfield,2020-09-07,5.0,10.0,13.0,17.0,25.0,inferred
Enfield,2020-09-08,5.0,10.0,13.0,17.0,25.0,inferred
Enfield,2020-09-09,5.0,10.0,13.0,17.0,25.0,inferred
Enfield,2020-09-10,5.0,9.0,13.0,16.0,25.0,inferred
Enfield,2020-09-11,4.0,9.0,12.0,16.0,25.0,inferred
Enfield,2020-09-12,4.0,8.0,12.0,16.0,24.0,inferred
Enfield,2020-09-13,3.0,9.0,12.0,16.0,24.0,inferred
Enfield,2020-09-14,4.0,9.0,12.0,16.0,25.0,inferred
Enfield,2020-09-15,4.0,9.0,12.0,16.0,25.0,inferred
Enfield,2020-09-16,4.0,10.0,13.0,17.0,26.0,inferred
Enfield,2020-09-17,5.0,10.0,14.0,18.0,27.0,inferred
Enfield,2020-09-18,6.0,11.0,15.0,19.0,28.0,inferred
Enfield,2020-09-19,6.0,12.0,16.0,20.0,29.0,inferred
Enfield,2020-09-20,7.0,13.0,16.0,20.0,30.0,inferred
Enfield,2020-09-21,7.0,13.0,17.0,22.0,31.0,inferred
Enfield,2020-09-22,8.0,14.0,18.0,23.0,34.0,inferred
Enfield,2020-09-23,9.0,16.0,20.0,25.0,35.0,inferred
Enfield,2020-09-24,11.0,18.0,22.0,27.0,38.0,inferred
Enfield,2020-09-25,12.0,20.0,24.0,29.0,40.0,inferred
Enfield,2020-09-26,13.0,21.0,26.0,31.0,42.0,inferred
Enfield,2020-09-27,15.0,23.0,28.0,33.0,44.0,inferred
Enfield,2020-09-28,16.0,24.0,29.0,35.0,48.0,inferred
Enfield,2020-09-29,16.0,26.0,31.0,37.0,49.0,inferred
Enfield,2020-09-30,18.0,26.0,32.0,38.0,50.0,inferred
Enfield,2020-10-01,18.0,28.0,33.0,39.0,52.0,inferred
Enfield,2020-10-02,20.0,29.0,35.0,41.0,54.0,inferred
Enfield,2020-10-03,21.0,30.0,36.0,43.0,58.0,inferred
Enfield,2020-10-04,22.0,33.0,39.0,46.0,60.0,inferred
Enfield,2020-10-05,24.0,35.0,42.0,49.0,65.0,inferred
Enfield,2020-10-06,26.0,37.0,44.0,52.0,67.0,inferred
Enfield,2020-10-07,28.0,39.0,46.0,54.0,70.0,inferred
Enfield,2020-10-08,29.0,40.0,47.0,54.0,70.0,inferred
Enfield,2020-10-09,30.0,42.0,48.0,55.0,70.0,inferred
Enfield,2020-10-10,31.0,42.0,49.0,56.0,71.0,inferred
Enfield,2020-10-11,31.0,43.0,50.0,58.0,74.0,inferred
Enfield,2020-10-12,33.0,45.0,52.0,60.0,77.0,inferred
Enfield,2020-10-13,35.0,48.0,55.0,64.0,80.0,inferred
Enfield,2020-10-14,38.0,51.0,59.0,68.0,87.0,inferred
Enfield,2020-10-15,42.0,54.0,63.0,72.0,91.0,inferred
Enfield,2020-10-16,44.0,58.0,65.0,74.0,92.0,inferred
Enfield,2020-10-17,45.0,58.0,67.0,76.0,93.0,inferred
Enfield,2020-10-18,46.0,60.0,68.0,77.0,95.0,inferred
Enfield,2020-10-19,46.0,60.0,68.0,77.0,96.0,inferred
Enfield,2020-10-20,47.0,61.0,69.0,79.0,97.0,inferred
Enfield,2020-10-21,47.0,62.0,71.0,79.0,98.0,inferred
Enfield,2020-10-22,47.0,62.0,71.0,81.0,101.0,inferred
Enfield,2020-10-23,48.0,64.0,73.0,83.0,102.0,inferred
Enfield,2020-10-24,48.0,64.0,73.0,83.0,102.0,inferred
Enfield,2020-10-25,49.0,65.0,74.0,83.0,102.0,inferred
Enfield,2020-10-26,49.0,66.0,75.0,84.0,103.0,inferred
Enfield,2020-10-27,50.0,66.0,75.0,85.0,104.0,inferred
Enfield,2020-10-28,50.0,66.0,75.0,85.0,105.0,inferred
Enfield,2020-10-29,48.0,65.0,75.0,85.0,108.0,inferred
Enfield,2020-10-30,45.0,63.0,74.0,86.0,108.0,inferred
Epping Forest,2020-08-01,0.0,0.0,1.0,2.0,5.0,inferred
Epping Forest,2020-08-02,0.0,0.0,1.0,2.0,5.0,inferred
Epping Forest,2020-08-03,0.0,0.0,1.0,2.0,5.0,inferred
Epping Forest,2020-08-04,0.0,0.0,1.0,2.0,6.0,inferred
Epping Forest,2020-08-05,0.0,0.0,1.0,2.0,6.0,inferred
Epping Forest,2020-08-06,0.0,0.0,1.0,2.0,6.0,inferred
Epping Forest,2020-08-07,0.0,0.0,1.0,2.0,6.0,inferred
Epping Forest,2020-08-08,0.0,0.0,1.0,2.0,6.0,inferred
Epping Forest,2020-08-09,0.0,0.0,1.0,2.0,6.0,inferred
Epping Forest,2020-08-10,0.0,0.0,1.0,2.0,7.0,inferred
Epping Forest,2020-08-11,0.0,0.0,1.0,2.0,7.0,inferred
Epping Forest,2020-08-12,0.0,0.0,1.0,2.0,7.0,inferred
Epping Forest,2020-08-13,0.0,0.0,1.0,2.0,6.0,inferred
Epping Forest,2020-08-14,0.0,0.0,1.0,2.0,7.0,inferred
Epping Forest,2020-08-15,0.0,0.0,1.0,3.0,7.0,inferred
Epping Forest,2020-08-16,0.0,0.0,1.0,3.0,7.0,inferred
Epping Forest,2020-08-17,0.0,0.0,1.0,3.0,7.0,inferred
Epping Forest,2020-08-18,0.0,0.0,1.0,3.0,7.0,inferred
Epping Forest,2020-08-19,0.0,0.0,1.0,3.0,7.0,inferred
Epping Forest,2020-08-20,0.0,0.0,1.0,3.0,7.0,inferred
Epping Forest,2020-08-21,0.0,1.0,1.0,3.0,7.0,inferred
Epping Forest,2020-08-22,0.0,1.0,2.0,3.0,8.0,inferred
Epping Forest,2020-08-23,0.0,1.0,2.0,4.0,8.0,inferred
Epping Forest,2020-08-24,0.0,1.0,2.0,4.0,9.0,inferred
Epping Forest,2020-08-25,0.0,1.0,2.0,4.0,9.0,inferred
Epping Forest,2020-08-26,0.0,1.0,3.0,4.0,10.0,inferred
Epping Forest,2020-08-27,0.0,1.0,3.0,5.0,10.0,inferred
Epping Forest,2020-08-28,0.0,1.0,3.0,5.0,10.0,inferred
Epping Forest,2020-08-29,0.0,1.0,3.0,5.0,10.0,inferred
Epping Forest,2020-08-30,0.0,2.0,3.0,5.0,10.0,inferred
Epping Forest,2020-08-31,0.0,1.0,3.0,5.0,10.0,inferred
Epping Forest,2020-09-01,0.0,2.0,3.0,5.0,10.0,inferred
Epping Forest,2020-09-02,0.0,1.0,3.0,5.0,10.0,inferred
Epping Forest,2020-09-03,0.0,1.0,3.0,5.0,9.0,inferred
Epping Forest,2020-09-04,0.0,1.0,3.0,4.0,9.0,inferred
Epping Forest,2020-09-05,0.0,1.0,3.0,4.0,9.0,inferred
Epping Forest,2020-09-06,0.0,1.0,3.0,5.0,9.0,inferred
Epping Forest,2020-09-07,0.0,1.0,3.0,5.0,9.0,inferred
Epping Forest,2020-09-08,0.0,1.0,3.0,5.0,10.0,inferred
Epping Forest,2020-09-09,0.0,1.0,3.0,5.0,10.0,inferred
Epping Forest,2020-09-10,0.0,1.0,3.0,5.0,10.0,inferred
Epping Forest,2020-09-11,0.0,2.0,3.0,5.0,11.0,inferred
Epping Forest,2020-09-12,0.0,2.0,3.0,5.0,11.0,inferred
Epping Forest,2020-09-13,0.0,2.0,3.0,6.0,11.0,inferred
Epping Forest,2020-09-14,0.0,2.0,4.0,6.0,12.0,inferred
Epping Forest,2020-09-15,0.0,3.0,5.0,7.0,13.0,inferred
Epping Forest,2020-09-16,0.0,3.0,5.0,8.0,14.0,inferred
Epping Forest,2020-09-17,1.0,4.0,6.0,8.0,15.0,inferred
Epping Forest,2020-09-18,1.0,4.0,7.0,9.0,16.0,inferred
Epping Forest,2020-09-19,1.0,5.0,7.0,10.0,17.0,inferred
Epping Forest,2020-09-20,1.0,5.0,7.0,10.0,17.0,inferred
Epping Forest,2020-09-21,2.0,5.0,8.0,11.0,18.0,inferred
Epping Forest,2020-09-22,2.0,6.0,8.0,12.0,19.0,inferred
Epping Forest,2020-09-23,2.0,6.0,9.0,12.0,20.0,inferred
Epping Forest,2020-09-24,3.0,7.0,9.0,13.0,20.0,inferred
Epping Forest,2020-09-25,3.0,7.0,10.0,14.0,21.0,inferred
Epping Forest,2020-09-26,3.0,7.0,10.0,13.0,21.0,inferred
Epping Forest,2020-09-27,3.0,7.0,10.0,14.0,22.0,inferred
Epping Forest,2020-09-28,3.0,8.0,11.0,14.0,22.0,inferred
Epping Forest,2020-09-29,3.0,8.0,11.0,15.0,23.0,inferred
Epping Forest,2020-09-30,4.0,8.8,12.0,15.0,23.0,inferred
Epping Forest,2020-10-01,4.0,9.0,12.0,15.0,24.0,inferred
Epping Forest,2020-10-02,4.0,9.0,12.0,16.0,24.0,inferred
Epping Forest,2020-10-03,5.0,9.0,13.0,17.0,26.0,inferred
Epping Forest,2020-10-04,5.0,10.0,14.0,18.0,27.0,inferred
Epping Forest,2020-10-05,5.0,11.0,14.0,19.0,28.0,inferred
Epping Forest,2020-10-06,5.0,11.0,15.0,19.0,29.0,inferred
Epping Forest,2020-10-07,6.0,11.0,15.0,20.0,29.0,inferred
Epping Forest,2020-10-08,6.0,12.0,16.0,20.0,30.0,inferred
Epping Forest,2020-10-09,6.0,12.0,16.0,20.0,30.0,inferred
Epping Forest,2020-10-10,7.0,13.0,17.0,21.0,31.0,inferred
Epping Forest,2020-10-11,8.0,14.0,18.0,23.0,33.0,inferred
Epping Forest,2020-10-12,8.0,15.0,19.0,23.0,34.0,inferred
Epping Forest,2020-10-13,9.0,15.0,20.0,25.0,35.0,inferred
Epping Forest,2020-10-14,9.0,16.0,21.0,26.0,37.0,inferred
Epping Forest,2020-10-15,9.0,17.0,21.0,27.0,38.0,inferred
Epping Forest,2020-10-16,10.0,17.0,22.0,27.0,39.0,inferred
Epping Forest,2020-10-17,11.0,18.0,23.0,28.0,39.0,inferred
Epping Forest,2020-10-18,11.0,19.0,23.0,28.0,38.0,inferred
Epping Forest,2020-10-19,12.0,20.0,24.0,29.0,40.0,inferred
Epping Forest,2020-10-20,12.0,20.0,25.0,30.0,41.0,inferred
Epping Forest,2020-10-21,13.0,21.0,26.0,31.0,44.0,inferred
Epping Forest,2020-10-22,13.0,21.0,26.0,32.0,45.0,inferred
Epping Forest,2020-10-23,14.0,23.0,27.0,33.0,46.0,inferred
Epping Forest,2020-10-24,15.0,24.0,29.0,35.0,47.0,inferred
Epping Forest,2020-10-25,16.0,25.0,30.0,36.0,49.0,inferred
Epping Forest,2020-10-26,17.0,26.0,31.0,37.0,49.0,inferred
Epping Forest,2020-10-27,18.0,27.0,32.0,39.0,52.0,inferred
Epping Forest,2020-10-28,19.0,28.0,33.0,39.2,52.0,inferred
Epping Forest,2020-10-29,20.0,29.0,35.0,41.0,54.0,inferred
Epping Forest,2020-10-30,21.0,30.0,36.0,43.0,55.0,inferred
Epsom and Ewell,2020-08-01,0.0,0.0,0.0,0.0,2.0,inferred
Epsom and Ewell,2020-08-02,0.0,0.0,0.0,0.0,2.0,inferred
Epsom and Ewell,2020-08-03,0.0,0.0,0.0,0.0,1.0,inferred
Epsom and Ewell,2020-08-04,0.0,0.0,0.0,0.0,2.0,inferred
Epsom and Ewell,2020-08-05,0.0,0.0,0.0,0.0,2.0,inferred
Epsom and Ewell,2020-08-06,0.0,0.0,0.0,0.0,3.0,inferred
Epsom and Ewell,2020-08-07,0.0,0.0,0.0,0.0,3.0,inferred
Epsom and Ewell,2020-08-08,0.0,0.0,0.0,1.0,3.0,inferred
Epsom and Ewell,2020-08-09,0.0,0.0,0.0,1.0,3.0,inferred
Epsom and Ewell,2020-08-10,0.0,0.0,0.0,1.0,3.0,inferred
Epsom and Ewell,2020-08-11,0.0,0.0,0.0,1.0,4.0,inferred
Epsom and Ewell,2020-08-12,0.0,0.0,0.0,1.0,4.0,inferred
Epsom and Ewell,2020-08-13,0.0,0.0,0.0,1.0,4.0,inferred
Epsom and Ewell,2020-08-14,0.0,0.0,0.0,1.0,4.0,inferred
Epsom and Ewell,2020-08-15,0.0,0.0,0.0,1.0,4.0,inferred
Epsom and Ewell,2020-08-16,0.0,0.0,0.0,1.0,4.0,inferred
Epsom and Ewell,2020-08-17,0.0,0.0,0.0,1.0,4.0,inferred
Epsom and Ewell,2020-08-18,0.0,0.0,0.0,1.0,4.0,inferred
Epsom and Ewell,2020-08-19,0.0,0.0,0.0,1.0,4.0,inferred
Epsom and Ewell,2020-08-20,0.0,0.0,0.0,1.0,4.0,inferred
Epsom and Ewell,2020-08-21,0.0,0.0,0.0,1.0,4.0,inferred
Epsom and Ewell,2020-08-22,0.0,0.0,0.0,1.0,4.0,inferred
Epsom and Ewell,2020-08-23,0.0,0.0,0.0,1.0,4.0,inferred
Epsom and Ewell,2020-08-24,0.0,0.0,0.0,1.0,5.0,inferred
Epsom and Ewell,2020-08-25,0.0,0.0,1.0,2.0,5.0,inferred
Epsom and Ewell,2020-08-26,0.0,0.0,1.0,2.0,6.0,inferred
Epsom and Ewell,2020-08-27,0.0,0.0,1.0,2.0,6.0,inferred
Epsom and Ewell,2020-08-28,0.0,0.0,1.0,2.0,6.0,inferred
Epsom and Ewell,2020-08-29,0.0,0.0,1.0,2.0,6.0,inferred
Epsom and Ewell,2020-08-30,0.0,0.0,1.0,2.0,6.0,inferred
Epsom and Ewell,2020-08-31,0.0,0.0,1.0,3.0,7.0,inferred
Epsom and Ewell,2020-09-01,0.0,0.0,1.0,3.0,7.0,inferred
Epsom and Ewell,2020-09-02,0.0,0.0,1.0,3.0,7.0,inferred
Epsom and Ewell,2020-09-03,0.0,1.0,2.0,3.0,8.0,inferred
Epsom and Ewell,2020-09-04,0.0,1.0,2.0,3.0,8.0,inferred
Epsom and Ewell,2020-09-05,0.0,1.0,2.0,3.0,8.0,inferred
Epsom and Ewell,2020-09-06,0.0,1.0,2.0,3.0,8.0,inferred
Epsom and Ewell,2020-09-07,0.0,0.8,2.0,3.0,7.0,inferred
Epsom and Ewell,2020-09-08,0.0,0.0,1.0,3.0,8.0,inferred
Epsom and Ewell,2020-09-09,0.0,0.0,1.0,3.0,7.0,inferred
Epsom and Ewell,2020-09-10,0.0,0.0,1.0,3.0,7.0,inferred
Epsom and Ewell,2020-09-11,0.0,0.0,1.5,3.0,7.0,inferred
Epsom and Ewell,2020-09-12,0.0,1.0,2.0,3.0,8.0,inferred
Epsom and Ewell,2020-09-13,0.0,1.0,2.0,3.0,8.0,inferred
Epsom and Ewell,2020-09-14,0.0,1.0,2.0,3.0,8.0,inferred
Epsom and Ewell,2020-09-15,0.0,1.0,2.0,4.0,8.0,inferred
Epsom and Ewell,2020-09-16,0.0,1.0,2.0,4.0,8.0,inferred
Epsom and Ewell,2020-09-17,0.0,1.0,2.0,4.0,8.0,inferred
Epsom and Ewell,2020-09-18,0.0,1.0,2.0,4.0,8.0,inferred
Epsom and Ewell,2020-09-19,0.0,1.0,2.0,4.0,9.0,inferred
Epsom and Ewell,2020-09-20,0.0,1.0,2.0,4.0,9.0,inferred
Epsom and Ewell,2020-09-21,0.0,1.0,2.0,4.0,9.0,inferred
Epsom and Ewell,2020-09-22,0.0,1.0,2.0,4.0,9.0,inferred
Epsom and Ewell,2020-09-23,0.0,1.0,3.0,5.0,10.0,inferred
Epsom and Ewell,2020-09-24,0.0,1.0,3.0,5.0,10.0,inferred
Epsom and Ewell,2020-09-25,0.0,2.0,3.0,5.0,11.0,inferred
Epsom and Ewell,2020-09-26,0.0,2.0,4.0,6.0,11.0,inferred
Epsom and Ewell,2020-09-27,0.0,2.0,4.0,6.0,11.0,inferred
Epsom and Ewell,2020-09-28,0.0,3.0,4.0,7.0,13.0,inferred
Epsom and Ewell,2020-09-29,0.0,3.0,5.0,8.0,14.0,inferred
Epsom and Ewell,2020-09-30,1.0,4.0,6.0,8.0,15.0,inferred
Epsom and Ewell,2020-10-01,1.0,4.0,7.0,9.0,16.0,inferred
Epsom and Ewell,2020-10-02,2.0,5.0,7.0,10.0,17.0,inferred
Epsom and Ewell,2020-10-03,2.0,5.0,7.0,10.0,18.0,inferred
Epsom and Ewell,2020-10-04,2.0,5.0,8.0,11.0,18.0,inferred
Epsom and Ewell,2020-10-05,2.0,5.0,8.0,11.0,19.0,inferred
Epsom and Ewell,2020-10-06,2.0,6.0,8.0,12.0,19.0,inferred
Epsom and Ewell,2020-10-07,2.0,6.0,9.0,12.0,20.0,inferred
Epsom and Ewell,2020-10-08,3.0,7.0,9.0,13.0,20.0,inferred
Epsom and Ewell,2020-10-09,3.0,7.0,10.0,13.0,20.0,inferred
Epsom and Ewell,2020-10-10,3.0,7.0,10.0,13.0,21.0,inferred
Epsom and Ewell,2020-10-11,3.0,7.0,10.0,13.0,21.0,inferred
Epsom and Ewell,2020-10-12,3.0,7.0,10.0,14.0,22.0,inferred
Epsom and Ewell,2020-10-13,3.0,8.0,10.0,14.0,21.0,inferred
Epsom and Ewell,2020-10-14,3.0,8.0,11.0,14.0,22.0,inferred
Epsom and Ewell,2020-10-15,3.0,8.0,11.0,15.0,22.0,inferred
Epsom and Ewell,2020-10-16,4.0,8.0,11.0,15.0,23.0,inferred
Epsom and Ewell,2020-10-17,4.0,9.0,12.0,16.0,24.0,inferred
Epsom and Ewell,2020-10-18,4.0,9.0,13.0,16.0,25.0,inferred
Epsom and Ewell,2020-10-19,5.0,10.0,13.0,17.0,26.0,inferred
Epsom and Ewell,2020-10-20,5.0,11.0,14.0,18.0,27.0,inferred
Epsom and Ewell,2020-10-21,6.0,11.0,14.0,19.0,28.0,inferred
Epsom and Ewell,2020-10-22,5.0,11.0,15.0,19.0,28.0,inferred
Epsom and Ewell,2020-10-23,5.0,12.0,15.0,19.0,29.0,inferred
Epsom and Ewell,2020-10-24,6.0,12.0,16.0,20.0,28.0,inferred
Epsom and Ewell,2020-10-25,7.0,13.0,16.0,21.0,30.0,inferred
Epsom and Ewell,2020-10-26,7.0,13.0,17.0,22.0,32.0,inferred
Epsom and Ewell,2020-10-27,7.0,14.0,17.0,22.0,32.0,inferred
Epsom and Ewell,2020-10-28,8.0,14.0,17.0,22.0,32.0,inferred
Epsom and Ewell,2020-10-29,8.0,14.0,18.0,22.0,33.0,inferred
Epsom and Ewell,2020-10-30,8.0,14.0,18.0,23.0,34.0,inferred
Forest of Dean,2020-08-01,0.0,0.0,0.0,0.0,0.0,inferred
Forest of Dean,2020-08-02,0.0,0.0,0.0,0.0,0.0,inferred
Forest of Dean,2020-08-03,0.0,0.0,0.0,0.0,0.0,inferred
Forest of Dean,2020-08-04,0.0,0.0,0.0,0.0,0.0,inferred
Forest of Dean,2020-08-05,0.0,0.0,0.0,0.0,0.0,inferred
Forest of Dean,2020-08-06,0.0,0.0,0.0,0.0,0.0,inferred
Forest of Dean,2020-08-07,0.0,0.0,0.0,0.0,1.0,inferred
Forest of Dean,2020-08-08,0.0,0.0,0.0,0.0,1.0,inferred
Forest of Dean,2020-08-09,0.0,0.0,0.0,0.0,1.0,inferred
Forest of Dean,2020-08-10,0.0,0.0,0.0,0.0,2.0,inferred
Forest of Dean,2020-08-11,0.0,0.0,0.0,0.0,2.0,inferred
Forest of Dean,2020-08-12,0.0,0.0,0.0,0.0,2.0,inferred
Forest of Dean,2020-08-13,0.0,0.0,0.0,0.0,2.0,inferred
Forest of Dean,2020-08-14,0.0,0.0,0.0,0.0,2.0,inferred
Forest of Dean,2020-08-15,0.0,0.0,0.0,0.0,2.0,inferred
Forest of Dean,2020-08-16,0.0,0.0,0.0,0.0,2.0,inferred
Forest of Dean,2020-08-17,0.0,0.0,0.0,0.0,2.0,inferred
Forest of Dean,2020-08-18,0.0,0.0,0.0,0.0,3.0,inferred
Forest of Dean,2020-08-19,0.0,0.0,0.0,0.0,3.0,inferred
Forest of Dean,2020-08-20,0.0,0.0,0.0,0.0,3.0,inferred
Forest of Dean,2020-08-21,0.0,0.0,0.0,0.0,3.0,inferred
Forest of Dean,2020-08-22,0.0,0.0,0.0,0.0,3.0,inferred
Forest of Dean,2020-08-23,0.0,0.0,0.0,1.0,3.0,inferred
Forest of Dean,2020-08-24,0.0,0.0,0.0,1.0,3.0,inferred
Forest of Dean,2020-08-25,0.0,0.0,0.0,1.0,3.0,inferred
Forest of Dean,2020-08-26,0.0,0.0,0.0,1.0,4.0,inferred
Forest of Dean,2020-08-27,0.0,0.0,0.0,1.0,4.0,inferred
Forest of Dean,2020-08-28,0.0,0.0,0.0,1.0,4.0,inferred
Forest of Dean,2020-08-29,0.0,0.0,0.0,1.0,4.0,inferred
Forest of Dean,2020-08-30,0.0,0.0,0.0,1.0,4.0,inferred
Forest of Dean,2020-08-31,0.0,0.0,0.0,1.0,4.0,inferred
Forest of Dean,2020-09-01,0.0,0.0,0.0,1.0,4.0,inferred
Forest of Dean,2020-09-02,0.0,0.0,0.0,1.0,4.0,inferred
Forest of Dean,2020-09-03,0.0,0.0,0.0,1.0,5.0,inferred
Forest of Dean,2020-09-04,0.0,0.0,0.0,1.0,5.0,inferred
Forest of Dean,2020-09-05,0.0,0.0,0.0,1.0,5.0,inferred
Forest of Dean,2020-09-06,0.0,0.0,0.0,1.0,5.0,inferred
Forest of Dean,2020-09-07,0.0,0.0,1.0,2.0,5.0,inferred
Forest of Dean,2020-09-08,0.0,0.0,1.0,2.0,5.0,inferred
Forest of Dean,2020-09-09,0.0,0.0,1.0,2.0,5.0,inferred
Forest of Dean,2020-09-10,0.0,0.0,1.0,2.0,6.0,inferred
Forest of Dean,2020-09-11,0.0,0.0,1.0,2.0,6.0,inferred
Forest of Dean,2020-09-12,0.0,0.0,1.0,2.0,6.0,inferred
Forest of Dean,2020-09-13,0.0,0.0,1.0,2.0,6.0,inferred
Forest of Dean,2020-09-14,0.0,0.0,1.0,2.0,6.0,inferred
Forest of Dean,2020-09-15,0.0,0.0,1.0,2.0,6.0,inferred
Forest of Dean,2020-09-16,0.0,0.0,1.0,2.0,7.0,inferred
Forest of Dean,2020-09-17,0.0,0.0,1.0,3.0,7.0,inferred
Forest of Dean,2020-09-18,0.0,0.0,1.0,3.0,7.0,inferred
Forest of Dean,2020-09-19,0.0,1.0,2.0,3.0,7.0,inferred
Forest of Dean,2020-09-20,0.0,1.0,2.0,3.0,7.0,inferred
Forest of Dean,2020-09-21,0.0,1.0,2.0,3.0,8.0,inferred
Forest of Dean,2020-09-22,0.0,1.0,2.0,4.0,9.0,inferred
Forest of Dean,2020-09-23,0.0,1.0,2.0,4.0,9.0,inferred
Forest of Dean,2020-09-24,0.0,1.0,3.0,4.0,9.0,inferred
Forest of Dean,2020-09-25,0.0,1.0,3.0,5.0,10.0,inferred
Forest of Dean,2020-09-26,0.0,2.0,3.0,5.0,11.0,inferred
Forest of Dean,2020-09-27,0.0,2.0,3.0,5.0,11.0,inferred
Forest of Dean,2020-09-28,0.0,2.0,3.0,6.0,11.0,inferred
Forest of Dean,2020-09-29,0.0,2.0,3.5,6.0,11.0,inferred
Forest of Dean,2020-09-30,0.0,2.0,4.0,6.0,11.0,inferred
Forest of Dean,2020-10-01,0.0,2.0,4.0,6.0,11.0,inferred
Forest of Dean,2020-10-02,0.0,2.0,4.0,6.0,12.0,inferred
Forest of Dean,2020-10-03,0.0,2.0,4.0,7.0,12.0,inferred
Forest of Dean,2020-10-04,1.0,3.0,5.0,7.0,13.0,inferred
Forest of Dean,2020-10-05,1.0,3.0,5.0,8.0,14.0,inferred
Forest of Dean,2020-10-06,1.0,4.0,6.0,8.0,14.0,inferred
Forest of Dean,2020-10-07,1.0,4.0,6.0,9.0,15.0,inferred
Forest of Dean,2020-10-08,1.0,4.0,6.0,9.0,15.0,inferred
Forest of Dean,2020-10-09,1.0,4.0,6.0,9.0,15.0,inferred
Forest of Dean,2020-10-10,1.0,4.0,6.0,9.0,16.0,inferred
Forest of Dean,2020-10-11,1.0,4.0,6.0,9.0,16.0,inferred
Forest of Dean,2020-10-12,1.0,4.0,6.0,9.0,15.0,inferred
Forest of Dean,2020-10-13,1.0,4.0,6.0,9.0,15.0,inferred
Forest of Dean,2020-10-14,1.0,4.0,6.0,9.0,16.0,inferred
Forest of Dean,2020-10-15,1.0,4.0,7.0,9.0,16.0,inferred
Forest of Dean,2020-10-16,1.0,5.0,7.0,10.0,17.0,inferred
Forest of Dean,2020-10-17,1.0,5.0,7.0,10.0,17.0,inferred
Forest of Dean,2020-10-18,2.0,5.0,8.0,11.0,19.0,inferred
Forest of Dean,2020-10-19,2.0,5.0,8.0,11.0,19.0,inferred
Forest of Dean,2020-10-20,2.0,6.0,8.0,12.0,20.0,inferred
Forest of Dean,2020-10-21,2.0,6.0,9.0,12.0,20.0,inferred
Forest of Dean,2020-10-22,2.0,6.0,9.0,13.0,20.0,inferred
Forest of Dean,2020-10-23,2.0,7.0,9.0,13.0,21.0,inferred
Forest of Dean,2020-10-24,3.0,7.0,10.0,13.0,22.0,inferred
Forest of Dean,2020-10-25,3.0,7.0,10.0,14.0,22.0,inferred
Forest of Dean,2020-10-26,3.0,7.8,11.0,14.0,22.0,inferred
Forest of Dean,2020-10-27,4.0,8.0,11.0,14.0,23.0,inferred
Forest of Dean,2020-10-28,3.0,8.0,11.0,14.0,22.0,inferred
Forest of Dean,2020-10-29,3.0,8.0,11.0,14.0,23.0,inferred
Forest of Dean,2020-10-30,3.0,8.0,11.0,14.0,23.0,inferred
Gloucester,2020-08-01,0.0,0.0,0.0,1.0,3.0,inferred
Gloucester,2020-08-02,0.0,0.0,0.0,1.0,4.0,inferred
Gloucester,2020-08-03,0.0,0.0,1.0,2.0,6.0,inferred
Gloucester,2020-08-04,0.0,0.0,1.0,3.0,7.0,inferred
Gloucester,2020-08-05,0.0,1.0,2.0,3.0,8.0,inferred
Gloucester,2020-08-06,0.0,1.0,2.0,3.0,8.0,inferred
Gloucester,2020-08-07,0.0,1.0,2.0,3.0,7.0,inferred
Gloucester,2020-08-08,0.0,0.0,1.0,3.0,6.0,inferred
Gloucester,2020-08-09,0.0,0.0,1.0,2.0,6.0,inferred
Gloucester,2020-08-10,0.0,0.0,1.0,2.0,6.0,inferred
Gloucester,2020-08-11,0.0,0.0,1.0,2.0,6.0,inferred
Gloucester,2020-08-12,0.0,0.0,1.0,2.0,5.0,inferred
Gloucester,2020-08-13,0.0,0.0,1.0,2.0,5.0,inferred
Gloucester,2020-08-14,0.0,0.0,1.0,2.0,5.0,inferred
Gloucester,2020-08-15,0.0,0.0,1.0,2.0,5.0,inferred
Gloucester,2020-08-16,0.0,0.0,1.0,2.0,5.0,inferred
Gloucester,2020-08-17,0.0,0.0,0.0,1.0,5.0,inferred
Gloucester,2020-08-18,0.0,0.0,0.0,1.0,5.0,inferred
Gloucester,2020-08-19,0.0,0.0,0.0,1.0,5.0,inferred
Gloucester,2020-08-20,0.0,0.0,1.0,2.0,5.0,inferred
Gloucester,2020-08-21,0.0,0.0,1.0,2.0,5.0,inferred
Gloucester,2020-08-22,0.0,0.0,1.0,2.0,5.0,inferred
Gloucester,2020-08-23,0.0,0.0,1.0,2.0,5.0,inferred
Gloucester,2020-08-24,0.0,0.0,1.0,2.0,5.0,inferred
Gloucester,2020-08-25,0.0,0.0,1.0,2.0,5.0,inferred
Gloucester,2020-08-26,0.0,0.0,1.0,2.0,5.0,inferred
Gloucester,2020-08-27,0.0,0.0,1.0,2.0,6.0,inferred
Gloucester,2020-08-28,0.0,0.0,1.0,2.0,6.0,inferred
Gloucester,2020-08-29,0.0,0.0,1.0,2.0,6.0,inferred
Gloucester,2020-08-30,0.0,0.0,1.0,2.0,6.0,inferred
Gloucester,2020-08-31,0.0,0.0,1.0,2.0,6.0,inferred
Gloucester,2020-09-01,0.0,0.0,1.0,3.0,7.0,inferred
Gloucester,2020-09-02,0.0,0.0,1.0,3.0,7.0,inferred
Gloucester,2020-09-03,0.0,0.0,1.0,3.0,7.0,inferred
Gloucester,2020-09-04,0.0,0.0,1.0,3.0,7.0,inferred
Gloucester,2020-09-05,0.0,0.0,1.0,3.0,7.0,inferred
Gloucester,2020-09-06,0.0,0.0,1.0,3.0,7.0,inferred
Gloucester,2020-09-07,0.0,0.0,1.0,3.0,7.0,inferred
Gloucester,2020-09-08,0.0,1.0,1.0,3.0,7.0,inferred
Gloucester,2020-09-09,0.0,1.0,2.0,3.0,7.0,inferred
Gloucester,2020-09-10,0.0,1.0,2.0,3.0,8.0,inferred
Gloucester,2020-09-11,0.0,1.0,2.0,3.0,8.0,inferred
Gloucester,2020-09-12,0.0,1.0,2.0,4.0,8.0,inferred
Gloucester,2020-09-13,0.0,1.0,2.0,4.0,8.0,inferred
Gloucester,2020-09-14,0.0,1.0,2.0,4.0,9.0,inferred
Gloucester,2020-09-15,0.0,1.0,3.0,5.0,10.0,inferred
Gloucester,2020-09-16,0.0,2.0,3.0,5.0,10.0,inferred
Gloucester,2020-09-17,0.0,2.0,4.0,6.0,11.0,inferred
Gloucester,2020-09-18,0.0,2.0,4.0,6.0,11.0,inferred
Gloucester,2020-09-19,0.0,2.0,4.0,6.0,12.0,inferred
Gloucester,2020-09-20,0.0,2.0,4.0,6.0,12.0,inferred
Gloucester,2020-09-21,0.0,2.0,4.0,6.0,12.0,inferred
Gloucester,2020-09-22,0.0,2.0,4.0,7.0,12.0,inferred
Gloucester,2020-09-23,0.0,2.0,4.0,6.0,12.0,inferred
Gloucester,2020-09-24,0.0,3.0,4.0,7.0,13.0,inferred
Gloucester,2020-09-25,0.0,3.0,5.0,7.0,13.0,inferred
Gloucester,2020-09-26,1.0,3.0,5.0,8.0,15.0,inferred
Gloucester,2020-09-27,1.0,4.0,6.0,9.0,15.0,inferred
Gloucester,2020-09-28,1.0,5.0,7.0,10.0,16.0,inferred
Gloucester,2020-09-29,2.0,5.0,8.0,11.0,18.0,inferred
Gloucester,2020-09-30,2.0,6.0,8.0,12.0,19.0,inferred
Gloucester,2020-10-01,3.0,7.0,9.0,13.0,20.0,inferred
Gloucester,2020-10-02,3.0,7.0,10.0,14.0,21.0,inferred
Gloucester,2020-10-03,3.0,8.0,11.0,15.0,23.0,inferred
Gloucester,2020-10-04,4.0,9.0,12.0,16.0,24.0,inferred
Gloucester,2020-10-05,4.0,9.0,12.0,17.0,26.0,inferred
Gloucester,2020-10-06,4.0,9.0,13.0,17.0,25.0,inferred
Gloucester,2020-10-07,5.0,9.0,13.0,17.0,26.0,inferred
Gloucester,2020-10-08,4.0,10.0,13.0,17.0,27.0,inferred
Gloucester,2020-10-09,4.0,9.0,13.0,17.0,27.0,inferred
Gloucester,2020-10-10,4.0,10.0,13.0,17.0,27.0,inferred
Gloucester,2020-10-11,5.0,10.0,14.0,18.0,28.0,inferred
Gloucester,2020-10-12,5.0,10.0,14.0,18.0,27.0,inferred
Gloucester,2020-10-13,5.0,10.0,14.0,18.0,27.0,inferred
Gloucester,2020-10-14,5.0,10.0,14.0,18.0,27.0,inferred
Gloucester,2020-10-15,5.0,10.0,14.0,18.0,27.0,inferred
Gloucester,2020-10-16,5.0,10.0,14.0,18.0,27.0,inferred
Gloucester,2020-10-17,5.0,11.0,15.0,19.0,28.0,inferred
Gloucester,2020-10-18,5.0,11.0,15.0,19.0,30.0,inferred
Gloucester,2020-10-19,6.0,12.0,16.0,20.0,29.0,inferred
Gloucester,2020-10-20,7.0,13.0,16.0,21.0,31.0,inferred
Gloucester,2020-10-21,7.0,13.0,17.0,22.0,33.0,inferred
Gloucester,2020-10-22,7.0,14.0,17.0,22.0,32.0,inferred
Gloucester,2020-10-23,8.0,14.0,18.0,23.0,33.0,inferred
Gloucester,2020-10-24,8.0,15.0,19.0,24.0,35.0,inferred
Gloucester,2020-10-25,10.0,16.0,21.0,26.0,36.0,inferred
Gloucester,2020-10-26,11.0,18.0,23.0,27.0,39.0,inferred
Gloucester,2020-10-27,12.0,19.0,24.0,29.2,42.0,inferred
Gloucester,2020-10-28,12.0,20.0,26.0,32.0,44.0,inferred
Gloucester,2020-10-29,13.0,22.0,27.0,34.0,49.0,inferred
Gloucester,2020-10-30,13.0,23.0,30.0,38.0,54.0,inferred
Greenwich,2020-08-01,0.0,0.0,1.0,3.0,7.0,inferred
Greenwich,2020-08-02,0.0,1.0,2.0,3.0,7.0,inferred
Greenwich,2020-08-03,0.0,1.0,2.0,3.0,8.0,inferred
Greenwich,2020-08-04,0.0,1.0,2.0,3.0,8.0,inferred
Greenwich,2020-08-05,0.0,1.0,2.0,3.0,7.0,inferred
Greenwich,2020-08-06,0.0,0.0,2.0,3.0,7.0,inferred
Greenwich,2020-08-07,0.0,0.0,1.0,3.0,7.0,inferred
Greenwich,2020-08-08,0.0,0.0,1.0,3.0,7.0,inferred
Greenwich,2020-08-09,0.0,0.0,1.0,3.0,7.0,inferred
Greenwich,2020-08-10,0.0,0.0,1.0,3.0,7.0,inferred
Greenwich,2020-08-11,0.0,1.0,2.0,3.0,8.0,inferred
Greenwich,2020-08-12,0.0,1.0,2.0,3.0,7.0,inferred
Greenwich,2020-08-13,0.0,1.0,2.0,3.0,8.0,inferred
Greenwich,2020-08-14,0.0,1.0,2.0,3.0,8.0,inferred
Greenwich,2020-08-15,0.0,1.0,2.0,3.0,8.0,inferred
Greenwich,2020-08-16,0.0,1.0,2.0,3.0,8.0,inferred
Greenwich,2020-08-17,0.0,1.0,2.0,3.0,8.0,inferred
Greenwich,2020-08-18,0.0,1.0,2.0,3.0,8.0,inferred
Greenwich,2020-08-19,0.0,1.0,2.0,4.0,9.0,inferred
Greenwich,2020-08-20,0.0,1.0,2.0,4.0,9.0,inferred
Greenwich,2020-08-21,0.0,1.0,3.0,5.0,10.0,inferred
Greenwich,2020-08-22,0.0,1.0,3.0,5.0,10.0,inferred
Greenwich,2020-08-23,0.0,2.0,3.0,5.0,10.0,inferred
Greenwich,2020-08-24,0.0,2.0,3.0,6.0,12.0,inferred
Greenwich,2020-08-25,0.0,2.0,4.0,6.0,11.0,inferred
Greenwich,2020-08-26,0.0,2.0,4.0,6.0,12.0,inferred
Greenwich,2020-08-27,0.0,2.0,4.0,7.0,13.0,inferred
Greenwich,2020-08-28,0.0,3.0,5.0,7.0,13.0,inferred
Greenwich,2020-08-29,0.0,3.0,5.0,8.0,14.0,inferred
Greenwich,2020-08-30,1.0,3.0,5.0,8.0,14.0,inferred
Greenwich,2020-08-31,0.0,3.0,5.0,8.0,14.0,inferred
Greenwich,2020-09-01,1.0,3.0,5.0,8.0,14.0,inferred
Greenwich,2020-09-02,1.0,3.0,5.0,8.0,14.0,inferred
Greenwich,2020-09-03,1.0,3.0,5.0,7.0,13.0,inferred
Greenwich,2020-09-04,0.0,3.0,5.0,7.0,14.0,inferred
Greenwich,2020-09-05,0.0,3.0,5.0,7.0,13.0,inferred
Greenwich,2020-09-06,1.0,3.0,5.0,8.0,14.0,inferred
Greenwich,2020-09-07,1.0,3.0,5.0,8.0,14.0,inferred
Greenwich,2020-09-08,1.0,4.0,6.0,8.0,15.0,inferred
Greenwich,2020-09-09,1.0,4.0,6.0,9.0,15.0,inferred
Greenwich,2020-09-10,1.0,4.0,7.0,9.0,16.0,inferred
Greenwich,2020-09-11,1.0,5.0,7.0,10.0,18.0,inferred
Greenwich,2020-09-12,2.0,5.0,7.0,10.0,17.0,inferred
Greenwich,2020-09-13,2.0,5.0,7.0,10.0,17.0,inferred
Greenwich,2020-09-14,2.0,5.0,7.0,10.0,18.0,inferred
Greenwich,2020-09-15,2.0,5.0,7.0,10.0,17.0,inferred
Greenwich,2020-09-16,2.0,5.0,8.0,11.0,18.0,inferred
Greenwich,2020-09-17,2.0,5.0,8.0,11.0,18.0,inferred
Greenwich,2020-09-18,2.0,6.0,8.0,11.0,18.0,inferred
Greenwich,2020-09-19,2.0,6.0,9.0,12.0,20.0,inferred
Greenwich,2020-09-20,3.0,7.0,10.0,13.0,21.0,inferred
Greenwich,2020-09-21,3.0,8.0,11.0,14.0,22.0,inferred
Greenwich,2020-09-22,4.0,9.0,12.0,15.2,24.0,inferred
Greenwich,2020-09-23,5.0,10.0,13.0,16.2,25.0,inferred
Greenwich,2020-09-24,5.0,10.0,14.0,18.0,27.0,inferred
Greenwich,2020-09-25,6.0,11.0,14.0,18.0,28.0,inferred
Greenwich,2020-09-26,6.0,12.0,16.0,20.0,29.0,inferred
Greenwich,2020-09-27,7.0,13.0,17.0,21.0,31.0,inferred
Greenwich,2020-09-28,8.0,14.0,18.0,22.0,33.0,inferred
Greenwich,2020-09-29,9.0,15.0,19.0,24.0,33.0,inferred
Greenwich,2020-09-30,9.0,16.0,20.0,25.0,35.0,inferred
Greenwich,2020-10-01,10.0,17.0,21.0,26.0,36.0,inferred
Greenwich,2020-10-02,11.0,18.0,22.0,27.0,37.0,inferred
Greenwich,2020-10-03,11.0,18.0,23.0,28.0,39.0,inferred
Greenwich,2020-10-04,12.0,19.0,24.0,29.0,40.0,inferred
Greenwich,2020-10-05,13.0,21.0,25.0,31.0,42.0,inferred
Greenwich,2020-10-06,14.0,22.0,26.0,32.0,43.0,inferred
Greenwich,2020-10-07,15.0,23.0,28.0,33.0,45.0,inferred
Greenwich,2020-10-08,16.0,24.0,29.0,34.0,47.0,inferred
Greenwich,2020-10-09,15.0,24.0,29.0,35.0,47.0,inferred
Greenwich,2020-10-10,16.0,25.0,30.0,36.0,48.0,inferred
Greenwich,2020-10-11,17.0,26.0,31.0,37.0,50.0,inferred
Greenwich,2020-10-12,18.0,28.0,33.0,39.0,52.0,inferred
Greenwich,2020-10-13,18.0,28.0,34.0,40.0,54.0,inferred
Greenwich,2020-10-14,20.0,30.0,36.0,42.0,56.0,inferred
Greenwich,2020-10-15,21.0,31.0,37.0,44.0,58.0,inferred
Greenwich,2020-10-16,22.0,32.0,39.0,45.0,59.0,inferred
Greenwich,2020-10-17,22.0,34.0,40.0,48.0,61.0,inferred
Greenwich,2020-10-18,24.0,35.0,42.0,49.0,64.0,inferred
Greenwich,2020-10-19,26.0,37.0,43.0,50.0,66.0,inferred
Greenwich,2020-10-20,27.0,38.0,45.0,52.0,67.0,inferred
Greenwich,2020-10-21,29.0,40.0,46.0,53.0,68.0,inferred
Greenwich,2020-10-22,30.0,41.0,48.0,55.0,70.0,inferred
Greenwich,2020-10-23,30.0,41.0,49.0,55.0,72.0,inferred
Greenwich,2020-10-24,31.0,42.0,49.0,57.0,74.0,inferred
Greenwich,2020-10-25,31.0,43.0,51.0,59.0,76.0,inferred
Greenwich,2020-10-26,32.0,44.0,52.0,61.0,77.0,inferred
Greenwich,2020-10-27,33.0,46.0,54.0,62.0,80.0,inferred
Greenwich,2020-10-28,33.0,47.0,55.0,64.0,82.0,inferred
Greenwich,2020-10-29,35.0,49.0,58.0,66.0,85.0,inferred
Greenwich,2020-10-30,35.0,50.0,59.0,68.0,85.0,inferred
Guildford,2020-08-01,0.0,0.0,0.0,1.0,3.0,inferred
Guildford,2020-08-02,0.0,0.0,0.0,1.0,4.0,inferred
Guildford,2020-08-03,0.0,0.0,0.0,1.0,4.0,inferred
Guildford,2020-08-04,0.0,0.0,0.0,1.0,5.0,inferred
Guildford,2020-08-05,0.0,0.0,0.0,2.0,5.0,inferred
Guildford,2020-08-06,0.0,0.0,1.0,2.0,6.0,inferred
Guildford,2020-08-07,0.0,0.0,1.0,2.0,5.0,inferred
Guildford,2020-08-08,0.0,0.0,1.0,2.0,6.0,inferred
Guildford,2020-08-09,0.0,0.0,1.0,2.0,5.0,inferred
Guildford,2020-08-10,0.0,0.0,1.0,2.0,6.0,inferred
Guildford,2020-08-11,0.0,0.0,1.0,2.0,6.0,inferred
Guildford,2020-08-12,0.0,0.0,1.0,3.0,7.0,inferred
Guildford,2020-08-13,0.0,0.0,1.0,3.0,7.0,inferred
Guildford,2020-08-14,0.0,0.0,1.0,3.0,7.0,inferred
Guildford,2020-08-15,0.0,1.0,2.0,3.0,7.0,inferred
Guildford,2020-08-16,0.0,1.0,2.0,3.0,8.0,inferred
Guildford,2020-08-17,0.0,1.0,2.0,3.0,8.0,inferred
Guildford,2020-08-18,0.0,1.0,2.0,3.0,8.0,inferred
Guildford,2020-08-19,0.0,1.0,2.0,3.0,7.0,inferred
Guildford,2020-08-20,0.0,1.0,2.0,4.0,8.0,inferred
Guildford,2020-08-21,0.0,1.0,2.0,4.0,9.0,inferred
Guildford,2020-08-22,0.0,1.0,2.0,3.0,8.0,inferred
Guildford,2020-08-23,0.0,1.0,2.0,3.0,8.0,inferred
Guildford,2020-08-24,0.0,1.0,2.0,3.0,8.0,inferred
Guildford,2020-08-25,0.0,1.0,2.0,3.0,7.0,inferred
Guildford,2020-08-26,0.0,1.0,2.0,3.0,8.0,inferred
Guildford,2020-08-27,0.0,1.0,2.0,3.0,8.0,inferred
Guildford,2020-08-28,0.0,1.0,2.0,3.0,8.0,inferred
Guildford,2020-08-29,0.0,1.0,2.0,3.0,8.0,inferred
Guildford,2020-08-30,0.0,1.0,2.0,3.0,8.0,inferred
Guildford,2020-08-31,0.0,1.0,2.0,3.0,8.0,inferred
Guildford,2020-09-01,0.0,1.0,2.0,4.0,8.0,inferred
Guildford,2020-09-02,0.0,1.0,2.0,4.0,9.0,inferred
Guildford,2020-09-03,0.0,1.0,2.0,4.0,9.0,inferred
Guildford,2020-09-04,0.0,1.0,2.0,4.0,9.0,inferred
Guildford,2020-09-05,0.0,1.0,2.0,4.0,9.0,inferred
Guildford,2020-09-06,0.0,1.0,2.0,4.0,9.0,inferred
Guildford,2020-09-07,0.0,1.0,2.0,4.0,9.0,inferred
Guildford,2020-09-08,0.0,1.0,2.0,4.0,8.0,inferred
Guildford,2020-09-09,0.0,1.0,2.0,4.0,8.0,inferred
Guildford,2020-09-10,0.0,1.0,2.0,4.0,8.0,inferred
Guildford,2020-09-11,0.0,1.0,2.0,4.0,8.0,inferred
Guildford,2020-09-12,0.0,1.0,2.0,4.0,9.0,inferred
Guildford,2020-09-13,0.0,1.0,2.0,4.0,8.0,inferred
Guildford,2020-09-14,0.0,1.0,2.0,4.0,9.0,inferred
Guildford,2020-09-15,0.0,1.0,2.0,4.0,8.0,inferred
Guildford,2020-09-16,0.0,1.0,2.0,4.0,9.0,inferred
Guildford,2020-09-17,0.0,1.0,2.0,4.0,8.0,inferred
Guildford,2020-09-18,0.0,1.0,2.0,4.0,9.0,inferred
Guildford,2020-09-19,0.0,1.0,3.0,4.0,10.0,inferred
Guildford,2020-09-20,0.0,1.0,3.0,5.0,10.0,inferred
Guildford,2020-09-21,0.0,2.0,3.0,5.0,10.0,inferred
Guildford,2020-09-22,0.0,2.0,4.0,6.0,11.0,inferred
Guildford,2020-09-23,0.0,2.0,4.0,7.0,13.0,inferred
Guildford,2020-09-24,0.0,3.0,5.0,7.0,13.0,inferred
Guildford,2020-09-25,1.0,3.0,6.0,8.0,15.0,inferred
Guildford,2020-09-26,1.0,4.0,6.0,9.0,16.0,inferred
Guildford,2020-09-27,2.0,5.0,7.0,11.0,18.0,inferred
Guildford,2020-09-28,2.0,6.0,9.0,12.0,19.0,inferred
Guildford,2020-09-29,3.0,7.0,10.0,14.0,21.0,inferred
Guildford,2020-09-30,4.0,8.0,12.0,15.0,24.0,inferred
Guildford,2020-10-01,5.0,10.0,13.0,17.0,26.0,inferred
Guildford,2020-10-02,5.0,10.0,14.0,18.0,26.0,inferred
Guildford,2020-10-03,5.0,11.0,14.0,19.0,28.0,inferred
Guildford,2020-10-04,6.0,11.0,15.0,19.0,28.0,inferred
Guildford,2020-10-05,6.0,12.0,16.0,20.0,29.0,inferred
Guildford,2020-10-06,7.0,13.0,17.0,21.0,31.0,inferred
Guildford,2020-10-07,7.0,13.0,17.0,22.0,32.0,inferred
Guildford,2020-10-08,8.0,14.0,18.0,22.0,33.0,inferred
Guildford,2020-10-09,7.0,13.0,17.0,22.0,32.0,inferred
Guildford,2020-10-10,7.0,13.0,17.0,22.0,32.0,inferred
Guildford,2020-10-11,7.0,13.0,17.0,21.0,31.0,inferred
Guildford,2020-10-12,7.0,13.0,17.0,21.0,31.0,inferred
Guildford,2020-10-13,7.0,13.0,17.0,22.0,32.0,inferred
Guildford,2020-10-14,7.0,14.0,18.0,23.0,33.0,inferred
Guildford,2020-10-15,8.0,15.0,19.0,23.0,34.0,inferred
Guildford,2020-10-16,9.0,16.0,20.0,25.0,36.0,inferred
Guildford,2020-10-17,10.0,18.0,22.0,28.0,39.0,inferred
Guildford,2020-10-18,11.0,19.0,24.0,29.0,41.0,inferred
Guildford,2020-10-19,13.0,21.0,26.0,31.0,43.0,inferred
Guildford,2020-10-20,14.0,22.0,27.0,33.0,45.0,inferred
Guildford,2020-10-21,14.0,22.0,27.0,33.0,45.0,inferred
Guildford,2020-10-22,14.0,22.0,27.0,32.0,44.0,inferred
Guildford,2020-10-23,13.0,21.0,26.0,31.0,43.0,inferred
Guildford,2020-10-24,13.0,20.0,25.0,31.0,42.0,inferred
Guildford,2020-10-25,11.0,19.0,24.0,30.0,41.0,inferred
Guildford,2020-10-26,11.0,19.0,24.0,30.0,42.0,inferred
Guildford,2020-10-27,11.0,19.0,24.0,30.0,43.0,inferred
Guildford,2020-10-28,11.0,20.0,25.0,31.0,43.0,inferred
Guildford,2020-10-29,12.0,21.0,26.0,32.0,45.0,inferred
Guildford,2020-10-30,13.0,21.0,27.0,33.0,45.0,inferred
Hackney,2020-08-01,1.0,4.0,6.0,9.0,15.0,inferred
Hackney,2020-08-02,1.0,4.0,6.0,9.0,15.0,inferred
Hackney,2020-08-03,1.0,4.0,6.0,9.0,15.0,inferred
Hackney,2020-08-04,1.0,4.0,6.0,8.0,14.0,inferred
Hackney,2020-08-05,1.0,3.0,5.5,8.0,14.0,inferred
Hackney,2020-08-06,1.0,3.0,5.0,8.0,13.0,inferred
Hackney,2020-08-07,0.0,3.0,5.0,7.0,13.0,inferred
Hackney,2020-08-08,0.0,3.0,5.0,7.0,13.0,inferred
Hackney,2020-08-09,0.0,3.0,5.0,7.0,13.0,inferred
Hackney,2020-08-10,1.0,3.0,5.0,8.0,14.0,inferred
Hackney,2020-08-11,1.0,4.0,6.0,8.0,14.0,inferred
Hackney,2020-08-12,1.0,4.0,6.0,8.0,15.0,inferred
Hackney,2020-08-13,1.0,4.0,6.0,8.0,15.0,inferred
Hackney,2020-08-14,1.0,3.0,6.0,8.0,14.0,inferred
Hackney,2020-08-15,1.0,4.0,6.0,8.0,15.0,inferred
Hackney,2020-08-16,1.0,4.0,6.0,9.0,16.0,inferred
Hackney,2020-08-17,1.0,5.0,7.0,10.0,17.0,inferred
Hackney,2020-08-18,2.0,5.0,8.0,11.0,18.0,inferred
Hackney,2020-08-19,2.0,6.0,9.0,12.0,19.0,inferred
Hackney,2020-08-20,2.0,7.0,9.0,13.0,20.0,inferred
Hackney,2020-08-21,2.0,7.0,9.0,13.0,20.0,inferred
Hackney,2020-08-22,2.0,6.0,9.0,13.0,21.0,inferred
Hackney,2020-08-23,2.0,6.0,9.0,12.0,22.0,inferred
Hackney,2020-08-24,2.0,6.0,9.0,12.0,20.0,inferred
Hackney,2020-08-25,2.0,6.0,8.0,12.0,19.0,inferred
Hackney,2020-08-26,2.0,5.0,8.0,11.0,18.0,inferred
Hackney,2020-08-27,2.0,5.0,7.0,10.0,17.0,inferred
Hackney,2020-08-28,1.0,4.0,7.0,10.0,16.0,inferred
Hackney,2020-08-29,1.0,4.0,6.0,9.0,16.0,inferred
Hackney,2020-08-30,1.0,4.0,7.0,9.0,17.0,inferred
Hackney,2020-08-31,1.0,4.0,7.0,10.0,17.0,inferred
Hackney,2020-09-01,1.0,5.0,7.0,10.0,17.0,inferred
Hackney,2020-09-02,1.0,5.0,7.0,10.0,18.0,inferred
Hackney,2020-09-03,1.0,5.0,8.0,11.0,18.0,inferred
Hackney,2020-09-04,2.0,6.0,9.0,12.0,19.0,inferred
Hackney,2020-09-05,2.0,7.0,9.0,13.0,21.0,inferred
Hackney,2020-09-06,3.0,7.0,10.0,14.0,22.0,inferred
Hackney,2020-09-07,3.0,8.0,11.0,14.0,23.0,inferred
Hackney,2020-09-08,3.0,8.0,11.0,15.0,23.0,inferred
Hackney,2020-09-09,4.0,8.0,11.0,15.0,23.0,inferred
Hackney,2020-09-10,3.0,8.0,11.0,14.2,23.0,inferred
Hackney,2020-09-11,3.0,8.0,11.0,14.0,23.0,inferred
Hackney,2020-09-12,3.0,7.0,11.0,14.0,22.0,inferred
Hackney,2020-09-13,3.0,7.0,10.0,14.0,22.0,inferred
Hackney,2020-09-14,3.0,7.0,10.0,13.0,22.0,inferred
Hackney,2020-09-15,2.0,7.0,10.0,13.0,22.0,inferred
Hackney,2020-09-16,3.0,7.0,10.0,13.0,22.0,inferred
Hackney,2020-09-17,3.0,7.0,10.0,14.0,22.0,inferred
Hackney,2020-09-18,4.0,8.0,12.0,15.0,24.0,inferred
Hackney,2020-09-19,5.0,10.0,13.0,17.0,26.0,inferred
Hackney,2020-09-20,6.0,12.0,15.0,19.0,29.0,inferred
Hackney,2020-09-21,7.0,13.0,17.0,22.0,32.0,inferred
Hackney,2020-09-22,9.0,16.0,20.0,24.0,35.0,inferred
Hackney,2020-09-23,10.0,17.0,22.0,27.0,37.0,inferred
Hackney,2020-09-24,12.0,20.0,24.0,30.0,42.0,inferred
Hackney,2020-09-25,13.0,22.0,27.0,32.0,44.0,inferred
Hackney,2020-09-26,15.0,24.0,29.0,35.0,48.0,inferred
Hackney,2020-09-27,16.0,26.0,31.0,37.0,50.0,inferred
Hackney,2020-09-28,19.0,28.0,34.0,40.0,53.0,inferred
Hackney,2020-09-29,21.0,31.0,37.0,43.0,57.0,inferred
Hackney,2020-09-30,22.0,33.0,39.0,46.0,61.0,inferred
Hackney,2020-10-01,23.0,35.0,41.0,49.0,64.0,inferred
Hackney,2020-10-02,25.0,37.0,44.0,52.0,67.0,inferred
Hackney,2020-10-03,26.0,39.0,46.0,54.0,71.0,inferred
Hackney,2020-10-04,29.0,41.0,48.0,56.0,72.0,inferred
Hackney,2020-10-05,32.0,44.0,51.0,59.0,77.0,inferred
Hackney,2020-10-06,33.0,46.0,54.0,62.0,79.0,inferred
Hackney,2020-10-07,34.0,48.0,55.0,63.0,81.0,inferred
Hackney,2020-10-08,36.0,49.0,57.0,64.2,81.0,inferred
Hackney,2020-10-09,36.0,49.0,57.0,65.0,82.0,inferred
Hackney,2020-10-10,38.0,50.0,58.0,65.0,82.0,inferred
Hackney,2020-10-11,39.0,52.0,59.0,67.0,83.0,inferred
Hackney,2020-10-12,39.0,53.0,61.0,69.0,86.0,inferred
Hackney,2020-10-13,41.0,54.0,63.0,71.0,89.0,inferred
Hackney,2020-10-14,41.0,55.0,63.0,72.0,92.0,inferred
Hackney,2020-10-15,43.0,56.0,65.0,74.0,94.0,inferred
Hackney,2020-10-16,43.0,57.0,66.0,76.0,94.0,inferred
Hackney,2020-10-17,44.0,58.0,67.0,77.0,98.0,inferred
Hackney,2020-10-18,45.0,60.0,68.0,78.0,98.0,inferred
Hackney,2020-10-19,46.0,60.0,68.0,78.0,101.0,inferred
Hackney,2020-10-20,45.0,59.0,68.0,78.2,100.0,inferred
Hackney,2020-10-21,45.0,59.0,68.0,79.0,101.0,inferred
Hackney,2020-10-22,44.0,59.0,68.0,78.0,100.0,inferred
Hackney,2020-10-23,44.0,58.0,67.0,77.0,97.0,inferred
Hackney,2020-10-24,45.0,58.0,67.0,76.0,97.0,inferred
Hackney,2020-10-25,44.0,59.0,67.0,76.0,95.0,inferred
Hackney,2020-10-26,44.0,59.0,67.0,77.0,97.0,inferred
Hackney,2020-10-27,44.0,59.0,68.0,78.0,98.0,inferred
Hackney,2020-10-28,45.0,58.0,67.0,78.0,103.0,inferred
Hackney,2020-10-29,42.0,58.0,67.0,79.0,104.0,inferred
Hackney,2020-10-30,44.0,58.0,68.0,79.0,107.0,inferred
Hackney and City of London,2020-08-01,1.0,4.0,6.0,9.0,15.0,inferred
Hackney and City of London,2020-08-02,1.0,4.0,6.0,9.0,15.0,inferred
Hackney and City of London,2020-08-03,1.0,4.0,6.0,9.0,15.0,inferred
Hackney and City of London,2020-08-04,1.0,4.0,6.0,8.0,14.0,inferred
Hackney and City of London,2020-08-05,1.0,3.0,5.5,8.0,14.0,inferred
Hackney and City of London,2020-08-06,1.0,3.0,5.0,8.0,13.0,inferred
Hackney and City of London,2020-08-07,0.0,3.0,5.0,7.0,13.0,inferred
Hackney and City of London,2020-08-08,0.0,3.0,5.0,7.0,13.0,inferred
Hackney and City of London,2020-08-09,0.0,3.0,5.0,7.0,13.0,inferred
Hackney and City of London,2020-08-10,1.0,3.0,5.0,8.0,14.0,inferred
Hackney and City of London,2020-08-11,1.0,4.0,6.0,8.0,14.0,inferred
Hackney and City of London,2020-08-12,1.0,4.0,6.0,8.0,15.0,inferred
Hackney and City of London,2020-08-13,1.0,4.0,6.0,8.0,15.0,inferred
Hackney and City of London,2020-08-14,1.0,3.0,6.0,8.0,14.0,inferred
Hackney and City of London,2020-08-15,1.0,4.0,6.0,8.0,15.0,inferred
Hackney and City of London,2020-08-16,1.0,4.0,6.0,9.0,16.0,inferred
Hackney and City of London,2020-08-17,1.0,5.0,7.0,10.0,17.0,inferred
Hackney and City of London,2020-08-18,2.0,5.0,8.0,11.0,18.0,inferred
Hackney and City of London,2020-08-19,2.0,6.0,9.0,12.0,19.0,inferred
Hackney and City of London,2020-08-20,2.0,7.0,9.0,13.0,20.0,inferred
Hackney and City of London,2020-08-21,2.0,7.0,9.0,13.0,20.0,inferred
Hackney and City of London,2020-08-22,2.0,6.0,9.0,13.0,21.0,inferred
Hackney and City of London,2020-08-23,2.0,6.0,9.0,12.0,22.0,inferred
Hackney and City of London,2020-08-24,2.0,6.0,9.0,12.0,20.0,inferred
Hackney and City of London,2020-08-25,2.0,6.0,8.0,12.0,19.0,inferred
Hackney and City of London,2020-08-26,2.0,5.0,8.0,11.0,18.0,inferred
Hackney and City of London,2020-08-27,2.0,5.0,7.0,10.0,17.0,inferred
Hackney and City of London,2020-08-28,1.0,4.0,7.0,10.0,16.0,inferred
Hackney and City of London,2020-08-29,1.0,4.0,6.0,9.0,16.0,inferred
Hackney and City of London,2020-08-30,1.0,4.0,7.0,9.0,17.0,inferred
Hackney and City of London,2020-08-31,1.0,4.0,7.0,10.0,17.0,inferred
Hackney and City of London,2020-09-01,1.0,5.0,7.0,10.0,17.0,inferred
Hackney and City of London,2020-09-02,1.0,5.0,7.0,10.0,18.0,inferred
Hackney and City of London,2020-09-03,1.0,5.0,8.0,11.0,18.0,inferred
Hackney and City of London,2020-09-04,2.0,6.0,9.0,12.0,19.0,inferred
Hackney and City of London,2020-09-05,2.0,7.0,9.0,13.0,21.0,inferred
Hackney and City of London,2020-09-06,3.0,7.0,10.0,14.0,22.0,inferred
Hackney and City of London,2020-09-07,3.0,8.0,11.0,14.0,23.0,inferred
Hackney and City of London,2020-09-08,3.0,8.0,11.0,15.0,23.0,inferred
Hackney and City of London,2020-09-09,4.0,8.0,11.0,15.0,23.0,inferred
Hackney and City of London,2020-09-10,3.0,8.0,11.0,14.2,23.0,inferred
Hackney and City of London,2020-09-11,3.0,8.0,11.0,14.0,23.0,inferred
Hackney and City of London,2020-09-12,3.0,7.0,11.0,14.0,22.0,inferred
Hackney and City of London,2020-09-13,3.0,7.0,10.0,14.0,22.0,inferred
Hackney and City of London,2020-09-14,3.0,7.0,10.0,13.0,22.0,inferred
Hackney and City of London,2020-09-15,2.0,7.0,10.0,13.0,22.0,inferred
Hackney and City of London,2020-09-16,3.0,7.0,10.0,13.0,22.0,inferred
Hackney and City of London,2020-09-17,3.0,7.0,10.0,14.0,22.0,inferred
Hackney and City of London,2020-09-18,4.0,8.0,12.0,15.0,24.0,inferred
Hackney and City of London,2020-09-19,5.0,10.0,13.0,17.0,26.0,inferred
Hackney and City of London,2020-09-20,6.0,12.0,15.0,19.0,29.0,inferred
Hackney and City of London,2020-09-21,7.0,13.0,17.0,22.0,32.0,inferred
Hackney and City of London,2020-09-22,9.0,16.0,20.0,24.0,35.0,inferred
Hackney and City of London,2020-09-23,10.0,17.0,22.0,27.0,37.0,inferred
Hackney and City of London,2020-09-24,12.0,20.0,24.0,30.0,42.0,inferred
Hackney and City of London,2020-09-25,13.0,22.0,27.0,32.0,44.0,inferred
Hackney and City of London,2020-09-26,15.0,24.0,29.0,35.0,48.0,inferred
Hackney and City of London,2020-09-27,16.0,26.0,31.0,37.0,50.0,inferred
Hackney and City of London,2020-09-28,19.0,28.0,34.0,40.0,53.0,inferred
Hackney and City of London,2020-09-29,21.0,31.0,37.0,43.0,57.0,inferred
Hackney and City of London,2020-09-30,22.0,33.0,39.0,46.0,61.0,inferred
Hackney and City of London,2020-10-01,23.0,35.0,41.0,49.0,64.0,inferred
Hackney and City of London,2020-10-02,25.0,37.0,44.0,52.0,67.0,inferred
Hackney and City of London,2020-10-03,26.0,39.0,46.0,54.0,71.0,inferred
Hackney and City of London,2020-10-04,29.0,41.0,48.0,56.0,72.0,inferred
Hackney and City of London,2020-10-05,32.0,44.0,51.0,59.0,77.0,inferred
Hackney and City of London,2020-10-06,33.0,46.0,54.0,62.0,79.0,inferred
Hackney and City of London,2020-10-07,34.0,48.0,55.0,63.0,81.0,inferred
Hackney and City of London,2020-10-08,36.0,49.0,57.0,64.2,81.0,inferred
Hackney and City of London,2020-10-09,36.0,49.0,57.0,65.0,82.0,inferred
Hackney and City of London,2020-10-10,38.0,50.0,58.0,65.0,82.0,inferred
Hackney and City of London,2020-10-11,39.0,52.0,59.0,67.0,83.0,inferred
Hackney and City of London,2020-10-12,39.0,53.0,61.0,69.0,86.0,inferred
Hackney and City of London,2020-10-13,41.0,54.0,63.0,71.0,89.0,inferred
Hackney and City of London,2020-10-14,41.0,55.0,63.0,72.0,92.0,inferred
Hackney and City of London,2020-10-15,43.0,56.0,65.0,74.0,94.0,inferred
Hackney and City of London,2020-10-16,43.0,57.0,66.0,76.0,94.0,inferred
Hackney and City of London,2020-10-17,44.0,58.0,67.0,77.0,98.0,inferred
Hackney and City of London,2020-10-18,45.0,60.0,68.0,78.0,98.0,inferred
Hackney and City of London,2020-10-19,46.0,60.0,68.0,78.0,101.0,inferred
Hackney and City of London,2020-10-20,45.0,59.0,68.0,78.2,100.0,inferred
Hackney and City of London,2020-10-21,45.0,59.0,68.0,79.0,101.0,inferred
Hackney and City of London,2020-10-22,44.0,59.0,68.0,78.0,100.0,inferred
Hackney and City of London,2020-10-23,44.0,58.0,67.0,77.0,97.0,inferred
Hackney and City of London,2020-10-24,45.0,58.0,67.0,76.0,97.0,inferred
Hackney and City of London,2020-10-25,44.0,59.0,67.0,76.0,95.0,inferred
Hackney and City of London,2020-10-26,44.0,59.0,67.0,77.0,97.0,inferred
Hackney and City of London,2020-10-27,44.0,59.0,68.0,78.0,98.0,inferred
Hackney and City of London,2020-10-28,45.0,58.0,67.0,78.0,103.0,inferred
Hackney and City of London,2020-10-29,42.0,58.0,67.0,79.0,104.0,inferred
Hackney and City of London,2020-10-30,44.0,58.0,68.0,79.0,107.0,inferred
Hammersmith and Fulham,2020-08-01,0.0,1.0,2.0,3.0,8.0,inferred
Hammersmith and Fulham,2020-08-02,0.0,1.0,2.0,3.0,8.0,inferred
Hammersmith and Fulham,2020-08-03,0.0,1.0,2.0,4.0,8.0,inferred
Hammersmith and Fulham,2020-08-04,0.0,1.0,2.0,4.0,9.0,inferred
Hammersmith and Fulham,2020-08-05,0.0,1.0,3.0,5.0,9.0,inferred
Hammersmith and Fulham,2020-08-06,0.0,1.0,3.0,5.0,10.0,inferred
Hammersmith and Fulham,2020-08-07,0.0,2.0,3.0,5.0,10.0,inferred
Hammersmith and Fulham,2020-08-08,0.0,2.0,3.0,5.0,10.0,inferred
Hammersmith and Fulham,2020-08-09,0.0,2.0,3.0,5.0,10.0,inferred
Hammersmith and Fulham,2020-08-10,0.0,2.0,3.0,6.0,11.0,inferred
Hammersmith and Fulham,2020-08-11,0.0,2.0,4.0,6.0,11.0,inferred
Hammersmith and Fulham,2020-08-12,0.0,2.0,4.0,6.0,11.0,inferred
Hammersmith and Fulham,2020-08-13,0.0,2.0,4.0,6.0,12.0,inferred
Hammersmith and Fulham,2020-08-14,0.0,2.0,4.0,6.0,12.0,inferred
Hammersmith and Fulham,2020-08-15,0.0,2.0,4.0,6.0,11.0,inferred
Hammersmith and Fulham,2020-08-16,0.0,2.0,4.0,6.0,11.0,inferred
Hammersmith and Fulham,2020-08-17,0.0,2.0,4.0,6.0,11.0,inferred
Hammersmith and Fulham,2020-08-18,0.0,2.0,4.0,6.0,11.0,inferred
Hammersmith and Fulham,2020-08-19,0.0,2.0,4.0,6.0,12.0,inferred
Hammersmith and Fulham,2020-08-20,0.0,2.0,4.0,7.0,13.0,inferred
Hammersmith and Fulham,2020-08-21,0.0,3.0,5.0,7.0,13.0,inferred
Hammersmith and Fulham,2020-08-22,0.0,3.0,5.0,7.0,13.0,inferred
Hammersmith and Fulham,2020-08-23,0.0,3.0,5.0,8.0,14.0,inferred
Hammersmith and Fulham,2020-08-24,0.0,3.0,5.0,8.0,14.0,inferred
Hammersmith and Fulham,2020-08-25,1.0,3.0,5.0,8.0,14.0,inferred
Hammersmith and Fulham,2020-08-26,1.0,4.0,6.0,8.0,15.0,inferred
Hammersmith and Fulham,2020-08-27,1.0,4.0,6.0,9.0,15.0,inferred
Hammersmith and Fulham,2020-08-28,1.0,4.0,6.0,9.0,15.0,inferred
Hammersmith and Fulham,2020-08-29,1.0,4.0,6.0,9.0,15.0,inferred
Hammersmith and Fulham,2020-08-30,1.0,4.0,6.0,9.0,16.0,inferred
Hammersmith and Fulham,2020-08-31,1.0,4.0,6.0,9.0,16.0,inferred
Hammersmith and Fulham,2020-09-01,1.0,4.0,7.0,9.0,16.0,inferred
Hammersmith and Fulham,2020-09-02,1.0,4.0,7.0,9.0,16.0,inferred
Hammersmith and Fulham,2020-09-03,1.0,5.0,7.0,10.0,17.0,inferred
Hammersmith and Fulham,2020-09-04,1.0,5.0,7.0,10.0,17.0,inferred
Hammersmith and Fulham,2020-09-05,2.0,5.0,7.0,10.0,17.0,inferred
Hammersmith and Fulham,2020-09-06,1.0,5.0,7.0,10.0,17.0,inferred
Hammersmith and Fulham,2020-09-07,1.0,5.0,7.0,10.0,17.0,inferred
Hammersmith and Fulham,2020-09-08,1.0,5.0,7.0,10.0,17.0,inferred
Hammersmith and Fulham,2020-09-09,1.0,4.0,7.0,9.0,17.0,inferred
Hammersmith and Fulham,2020-09-10,1.0,4.0,7.0,9.0,17.0,inferred
Hammersmith and Fulham,2020-09-11,1.0,4.0,7.0,10.0,16.0,inferred
Hammersmith and Fulham,2020-09-12,1.0,4.0,7.0,10.0,16.0,inferred
Hammersmith and Fulham,2020-09-13,1.0,4.0,7.0,10.0,16.0,inferred
Hammersmith and Fulham,2020-09-14,1.0,5.0,7.0,10.0,17.0,inferred
Hammersmith and Fulham,2020-09-15,1.0,5.0,7.0,10.0,16.0,inferred
Hammersmith and Fulham,2020-09-16,1.0,4.0,7.0,10.0,16.0,inferred
Hammersmith and Fulham,2020-09-17,1.0,4.0,7.0,10.0,17.0,inferred
Hammersmith and Fulham,2020-09-18,1.0,5.0,7.0,9.2,16.0,inferred
Hammersmith and Fulham,2020-09-19,2.0,5.0,7.0,10.0,17.0,inferred
Hammersmith and Fulham,2020-09-20,2.0,6.0,8.0,11.0,18.0,inferred
Hammersmith and Fulham,2020-09-21,2.0,6.0,9.0,12.0,19.0,inferred
Hammersmith and Fulham,2020-09-22,3.0,7.0,10.0,13.0,22.0,inferred
Hammersmith and Fulham,2020-09-23,3.0,8.0,11.0,14.0,22.0,inferred
Hammersmith and Fulham,2020-09-24,4.0,8.0,11.0,15.0,23.0,inferred
Hammersmith and Fulham,2020-09-25,4.0,9.0,12.0,16.0,24.0,inferred
Hammersmith and Fulham,2020-09-26,5.0,10.0,13.0,17.0,25.0,inferred
Hammersmith and Fulham,2020-09-27,6.0,11.0,15.0,18.0,27.0,inferred
Hammersmith and Fulham,2020-09-28,6.0,12.0,16.0,20.0,29.0,inferred
Hammersmith and Fulham,2020-09-29,7.0,13.0,17.0,21.0,31.0,inferred
Hammersmith and Fulham,2020-09-30,8.0,14.0,18.0,22.0,32.0,inferred
Hammersmith and Fulham,2020-10-01,9.0,15.0,19.0,24.0,33.0,inferred
Hammersmith and Fulham,2020-10-02,10.0,16.0,21.0,26.0,36.0,inferred
Hammersmith and Fulham,2020-10-03,11.0,18.0,23.0,28.0,38.0,inferred
Hammersmith and Fulham,2020-10-04,13.0,20.0,24.0,29.0,41.0,inferred
Hammersmith and Fulham,2020-10-05,14.0,22.0,27.0,32.0,43.0,inferred
Hammersmith and Fulham,2020-10-06,15.0,24.0,28.0,34.0,46.0,inferred
Hammersmith and Fulham,2020-10-07,16.0,25.0,30.0,36.0,48.0,inferred
Hammersmith and Fulham,2020-10-08,17.0,26.0,31.0,37.0,50.0,inferred
Hammersmith and Fulham,2020-10-09,18.0,27.0,32.0,38.0,51.0,inferred
Hammersmith and Fulham,2020-10-10,19.0,28.0,34.0,40.0,52.0,inferred
Hammersmith and Fulham,2020-10-11,20.0,30.0,36.0,42.0,55.0,inferred
Hammersmith and Fulham,2020-10-12,23.0,33.0,39.0,45.0,58.0,inferred
Hammersmith and Fulham,2020-10-13,24.0,34.0,41.0,47.0,61.0,inferred
Hammersmith and Fulham,2020-10-14,27.0,37.0,43.0,50.0,66.0,inferred
Hammersmith and Fulham,2020-10-15,27.0,39.0,46.0,52.0,69.0,inferred
Hammersmith and Fulham,2020-10-16,29.0,41.0,47.0,55.0,71.0,inferred
Hammersmith and Fulham,2020-10-17,31.0,42.0,49.0,57.0,72.0,inferred
Hammersmith and Fulham,2020-10-18,32.0,44.0,51.0,58.0,74.0,inferred
Hammersmith and Fulham,2020-10-19,33.0,45.0,52.0,60.0,76.0,inferred
Hammersmith and Fulham,2020-10-20,34.0,47.0,54.0,61.0,78.0,inferred
Hammersmith and Fulham,2020-10-21,36.0,48.0,55.0,63.0,80.0,inferred
Hammersmith and Fulham,2020-10-22,36.0,48.0,55.0,63.0,80.0,inferred
Hammersmith and Fulham,2020-10-23,35.0,48.0,55.0,64.0,81.0,inferred
Hammersmith and Fulham,2020-10-24,35.0,48.0,55.0,63.0,80.0,inferred
Hammersmith and Fulham,2020-10-25,36.0,49.0,56.0,64.0,80.0,inferred
Hammersmith and Fulham,2020-10-26,38.0,50.0,57.0,65.0,81.0,inferred
Hammersmith and Fulham,2020-10-27,37.0,50.0,57.0,65.0,83.0,inferred
Hammersmith and Fulham,2020-10-28,36.0,50.0,58.0,66.0,85.0,inferred
Hammersmith and Fulham,2020-10-29,36.0,49.0,57.0,66.0,86.0,inferred
Hammersmith and Fulham,2020-10-30,36.0,49.0,57.0,67.0,90.0,inferred
Harborough,2020-08-01,0.0,0.0,0.0,1.0,3.0,inferred
Harborough,2020-08-02,0.0,0.0,0.0,1.0,3.0,inferred
Harborough,2020-08-03,0.0,0.0,0.0,1.0,4.0,inferred
Harborough,2020-08-04,0.0,0.0,0.0,1.0,5.0,inferred
Harborough,2020-08-05,0.0,0.0,1.0,2.0,5.0,inferred
Harborough,2020-08-06,0.0,0.0,1.0,2.0,6.0,inferred
Harborough,2020-08-07,0.0,0.0,1.0,2.0,6.0,inferred
Harborough,2020-08-08,0.0,0.0,1.0,2.0,6.0,inferred
Harborough,2020-08-09,0.0,0.0,1.0,2.0,5.0,inferred
Harborough,2020-08-10,0.0,0.0,1.0,2.0,6.0,inferred
Harborough,2020-08-11,0.0,0.0,1.0,2.0,5.0,inferred
Harborough,2020-08-12,0.0,0.0,1.0,2.0,5.0,inferred
Harborough,2020-08-13,0.0,0.0,1.0,2.0,5.0,inferred
Harborough,2020-08-14,0.0,0.0,1.0,2.0,5.0,inferred
Harborough,2020-08-15,0.0,0.0,1.0,2.0,5.0,inferred
Harborough,2020-08-16,0.0,0.0,1.0,2.0,5.0,inferred
Harborough,2020-08-17,0.0,0.0,1.0,2.0,6.0,inferred
Harborough,2020-08-18,0.0,0.0,1.0,2.0,6.0,inferred
Harborough,2020-08-19,0.0,0.0,1.0,2.0,6.0,inferred
Harborough,2020-08-20,0.0,0.0,1.0,2.0,6.0,inferred
Harborough,2020-08-21,0.0,0.0,1.0,2.0,6.0,inferred
Harborough,2020-08-22,0.0,0.0,1.0,2.0,6.0,inferred
Harborough,2020-08-23,0.0,0.0,1.0,2.0,7.0,inferred
Harborough,2020-08-24,0.0,0.0,1.0,3.0,7.0,inferred
Harborough,2020-08-25,0.0,0.0,1.0,3.0,7.0,inferred
Harborough,2020-08-26,0.0,1.0,2.0,3.0,7.0,inferred
Harborough,2020-08-27,0.0,1.0,2.0,3.0,8.0,inferred
Harborough,2020-08-28,0.0,1.0,2.0,3.0,8.0,inferred
Harborough,2020-08-29,0.0,1.0,2.0,3.0,8.0,inferred
Harborough,2020-08-30,0.0,1.0,2.0,4.0,8.0,inferred
Harborough,2020-08-31,0.0,1.0,2.0,4.0,8.0,inferred
Harborough,2020-09-01,0.0,1.0,2.0,4.0,8.0,inferred
Harborough,2020-09-02,0.0,1.0,2.0,4.0,9.0,inferred
Harborough,2020-09-03,0.0,1.0,3.0,4.0,10.0,inferred
Harborough,2020-09-04,0.0,1.0,3.0,5.0,10.0,inferred
Harborough,2020-09-05,0.0,1.0,3.0,5.0,10.0,inferred
Harborough,2020-09-06,0.0,1.0,3.0,5.0,10.0,inferred
Harborough,2020-09-07,0.0,2.0,3.0,5.0,10.0,inferred
Harborough,2020-09-08,0.0,2.0,3.0,5.0,11.0,inferred
Harborough,2020-09-09,0.0,2.0,3.0,5.0,10.0,inferred
Harborough,2020-09-10,0.0,1.0,3.0,5.0,10.0,inferred
Harborough,2020-09-11,0.0,2.0,3.0,5.0,10.0,inferred
Harborough,2020-09-12,0.0,1.0,3.0,5.0,10.0,inferred
Harborough,2020-09-13,0.0,1.0,3.0,5.0,10.0,inferred
Harborough,2020-09-14,0.0,1.0,3.0,5.0,10.0,inferred
Harborough,2020-09-15,0.0,2.0,3.0,5.0,11.0,inferred
Harborough,2020-09-16,0.0,2.0,4.0,6.0,11.0,inferred
Harborough,2020-09-17,0.0,2.0,4.0,6.0,11.0,inferred
Harborough,2020-09-18,0.0,2.0,4.0,7.0,13.0,inferred
Harborough,2020-09-19,0.0,2.0,4.0,7.0,12.0,inferred
Harborough,2020-09-20,0.0,3.0,5.0,7.0,13.0,inferred
Harborough,2020-09-21,1.0,3.0,5.0,7.0,13.0,inferred
Harborough,2020-09-22,1.0,3.0,5.0,8.0,14.0,inferred
Harborough,2020-09-23,1.0,3.0,5.0,8.0,14.0,inferred
Harborough,2020-09-24,1.0,4.0,6.0,8.0,14.0,inferred
Harborough,2020-09-25,1.0,4.0,6.0,9.0,15.0,inferred
Harborough,2020-09-26,1.0,4.0,6.0,9.0,16.0,inferred
Harborough,2020-09-27,1.0,4.0,7.0,10.0,16.0,inferred
Harborough,2020-09-28,1.0,5.0,7.0,10.0,18.0,inferred
Harborough,2020-09-29,2.0,6.0,8.0,11.0,19.0,inferred
Harborough,2020-09-30,3.0,7.0,9.0,12.0,20.0,inferred
Harborough,2020-10-01,3.0,7.0,10.0,13.0,21.0,inferred
Harborough,2020-10-02,3.0,8.0,11.0,14.0,21.0,inferred
Harborough,2020-10-03,4.0,8.0,11.0,15.0,23.0,inferred
Harborough,2020-10-04,4.0,9.0,12.0,16.0,24.0,inferred
Harborough,2020-10-05,4.0,9.0,13.0,16.0,25.0,inferred
Harborough,2020-10-06,5.0,10.0,13.0,17.0,25.0,inferred
Harborough,2020-10-07,5.0,10.0,13.0,17.0,25.0,inferred
Harborough,2020-10-08,5.0,10.0,13.0,17.0,25.0,inferred
Harborough,2020-10-09,5.0,10.0,13.0,17.0,26.0,inferred
Harborough,2020-10-10,5.0,10.0,13.0,17.0,26.0,inferred
Harborough,2020-10-11,6.0,11.0,14.0,18.0,27.0,inferred
Harborough,2020-10-12,6.0,11.0,15.0,19.0,28.0,inferred
Harborough,2020-10-13,6.0,12.0,16.0,20.0,29.0,inferred
Harborough,2020-10-14,7.0,13.0,17.0,21.0,30.0,inferred
Harborough,2020-10-15,7.0,13.0,17.0,22.0,31.0,inferred
Harborough,2020-10-16,7.0,13.0,17.0,21.2,31.0,inferred
Harborough,2020-10-17,8.0,14.0,18.0,22.0,32.0,inferred
Harborough,2020-10-18,8.0,14.0,18.0,22.0,32.0,inferred
Harborough,2020-10-19,8.0,15.0,19.0,24.0,34.0,inferred
Harborough,2020-10-20,9.0,16.0,20.0,25.0,35.0,inferred
Harborough,2020-10-21,10.0,17.0,21.0,26.0,37.0,inferred
Harborough,2020-10-22,10.0,17.0,22.0,28.0,39.0,inferred
Harborough,2020-10-23,10.0,18.0,23.0,28.0,39.0,inferred
Harborough,2020-10-24,11.0,19.0,24.0,29.0,41.0,inferred
Harborough,2020-10-25,12.0,20.0,25.0,30.0,41.0,inferred
Harborough,2020-10-26,13.0,21.0,26.0,31.0,41.0,inferred
Harborough,2020-10-27,14.0,21.0,26.0,31.0,43.0,inferred
Harborough,2020-10-28,14.0,22.0,27.0,32.0,43.0,inferred
Harborough,2020-10-29,13.0,22.0,27.0,32.0,45.0,inferred
Harborough,2020-10-30,13.0,22.0,28.0,34.0,46.0,inferred
Haringey,2020-08-01,0.0,1.0,2.0,3.0,7.0,inferred
Haringey,2020-08-02,0.0,1.0,2.0,3.0,7.0,inferred
Haringey,2020-08-03,0.0,1.0,2.0,3.0,8.0,inferred
Haringey,2020-08-04,0.0,1.0,2.0,3.0,7.0,inferred
Haringey,2020-08-05,0.0,1.0,2.0,3.0,8.0,inferred
Haringey,2020-08-06,0.0,1.0,2.0,4.0,8.0,inferred
Haringey,2020-08-07,0.0,1.0,2.0,4.0,9.0,inferred
Haringey,2020-08-08,0.0,1.0,3.0,4.0,9.0,inferred
Haringey,2020-08-09,0.0,1.0,3.0,5.0,10.0,inferred
Haringey,2020-08-10,0.0,2.0,3.0,5.0,11.0,inferred
Haringey,2020-08-11,0.0,2.0,3.0,6.0,11.0,inferred
Haringey,2020-08-12,0.0,2.0,3.0,6.0,11.0,inferred
Haringey,2020-08-13,0.0,2.0,3.0,5.0,11.0,inferred
Haringey,2020-08-14,0.0,2.0,3.0,5.0,10.0,inferred
Haringey,2020-08-15,0.0,2.0,3.0,6.0,11.0,inferred
Haringey,2020-08-16,0.0,2.0,4.0,6.0,11.0,inferred
Haringey,2020-08-17,0.0,2.0,4.0,6.0,12.0,inferred
Haringey,2020-08-18,0.0,3.0,4.0,7.0,13.0,inferred
Haringey,2020-08-19,0.0,3.0,5.0,7.0,13.0,inferred
Haringey,2020-08-20,1.0,3.0,5.0,7.0,13.0,inferred
Haringey,2020-08-21,1.0,3.0,5.0,8.0,14.0,inferred
Haringey,2020-08-22,1.0,3.0,5.0,8.0,14.0,inferred
Haringey,2020-08-23,1.0,3.0,5.0,8.0,14.0,inferred
Haringey,2020-08-24,0.0,3.0,5.0,8.0,14.0,inferred
Haringey,2020-08-25,1.0,3.0,5.0,7.0,13.0,inferred
Haringey,2020-08-26,1.0,3.0,5.0,8.0,14.0,inferred
Haringey,2020-08-27,1.0,3.0,5.0,8.0,14.0,inferred
Haringey,2020-08-28,1.0,4.0,6.0,8.0,15.0,inferred
Haringey,2020-08-29,1.0,4.0,6.0,9.0,15.0,inferred
Haringey,2020-08-30,1.0,4.0,6.0,9.0,16.0,inferred
Haringey,2020-08-31,1.0,4.0,7.0,10.0,17.0,inferred
Haringey,2020-09-01,2.0,5.0,8.0,11.0,19.0,inferred
Haringey,2020-09-02,2.0,6.0,9.0,12.0,21.0,inferred
Haringey,2020-09-03,2.0,7.0,10.0,14.0,22.0,inferred
Haringey,2020-09-04,3.0,7.0,10.0,14.0,22.0,inferred
Haringey,2020-09-05,3.0,7.0,10.0,14.0,22.0,inferred
Haringey,2020-09-06,3.0,7.0,10.0,13.0,21.0,inferred
Haringey,2020-09-07,3.0,7.0,10.0,14.0,22.0,inferred
Haringey,2020-09-08,3.0,8.0,11.0,14.0,22.0,inferred
Haringey,2020-09-09,3.0,7.0,10.0,14.0,22.0,inferred
Haringey,2020-09-10,3.0,7.0,10.0,14.0,22.0,inferred
Haringey,2020-09-11,3.0,7.0,10.0,13.0,22.0,inferred
Haringey,2020-09-12,3.0,7.0,10.0,13.0,22.0,inferred
Haringey,2020-09-13,3.0,7.0,10.0,13.0,21.0,inferred
Haringey,2020-09-14,3.0,7.0,10.0,13.0,21.0,inferred
Haringey,2020-09-15,3.0,7.0,10.0,14.0,22.0,inferred
Haringey,2020-09-16,3.0,7.0,11.0,14.0,23.0,inferred
Haringey,2020-09-17,4.0,8.0,11.0,15.0,23.0,inferred
Haringey,2020-09-18,4.0,9.0,12.0,16.0,24.0,inferred
Haringey,2020-09-19,5.0,10.0,13.0,17.0,26.0,inferred
Haringey,2020-09-20,5.0,11.0,14.0,18.0,26.0,inferred
Haringey,2020-09-21,6.0,11.0,15.0,19.0,28.0,inferred
Haringey,2020-09-22,6.0,12.0,16.0,20.0,29.0,inferred
Haringey,2020-09-23,7.0,13.0,16.0,21.0,29.0,inferred
Haringey,2020-09-24,8.0,13.0,17.0,22.0,31.0,inferred
Haringey,2020-09-25,8.0,14.0,19.0,23.0,33.0,inferred
Haringey,2020-09-26,9.0,16.0,20.0,25.0,35.0,inferred
Haringey,2020-09-27,11.0,19.0,23.0,28.0,40.0,inferred
Haringey,2020-09-28,13.0,21.0,26.0,31.0,42.0,inferred
Haringey,2020-09-29,16.0,23.0,29.0,34.0,45.0,inferred
Haringey,2020-09-30,16.0,25.0,30.0,36.2,49.0,inferred
Haringey,2020-10-01,18.0,27.0,32.0,38.0,51.0,inferred
Haringey,2020-10-02,18.0,28.0,33.0,39.0,52.0,inferred
Haringey,2020-10-03,19.0,28.0,34.0,40.0,54.0,inferred
Haringey,2020-10-04,20.0,30.0,36.0,43.0,56.0,inferred
Haringey,2020-10-05,22.0,32.0,38.0,45.0,60.0,inferred
Haringey,2020-10-06,24.0,35.0,42.0,49.0,65.0,inferred
Haringey,2020-10-07,26.0,37.0,44.0,53.0,69.0,inferred
Haringey,2020-10-08,27.0,39.0,46.0,54.0,69.0,inferred
Haringey,2020-10-09,28.0,40.0,47.0,54.0,69.0,inferred
Haringey,2020-10-10,29.0,40.0,46.0,54.0,68.0,inferred
Haringey,2020-10-11,29.0,40.0,46.0,53.0,69.0,inferred
Haringey,2020-10-12,30.0,41.0,47.0,54.0,69.0,inferred
Haringey,2020-10-13,31.0,42.0,48.0,56.0,71.0,inferred
Haringey,2020-10-14,32.0,43.0,50.0,57.0,74.0,inferred
Haringey,2020-10-15,32.0,44.0,51.0,59.0,73.0,inferred
Haringey,2020-10-16,33.0,45.0,53.0,60.0,76.0,inferred
Haringey,2020-10-17,35.0,47.0,55.0,63.0,78.0,inferred
Haringey,2020-10-18,37.0,50.0,57.0,65.0,82.0,inferred
Haringey,2020-10-19,40.0,52.0,59.0,68.0,84.0,inferred
Haringey,2020-10-20,40.0,52.0,60.0,68.0,86.0,inferred
Haringey,2020-10-21,38.0,52.0,60.0,68.0,85.0,inferred
Haringey,2020-10-22,38.0,51.0,58.0,67.0,83.0,inferred
Haringey,2020-10-23,37.0,50.0,57.0,65.2,83.0,inferred
Haringey,2020-10-24,36.0,49.0,56.0,65.0,85.0,inferred
Haringey,2020-10-25,37.0,49.0,57.0,66.0,87.0,inferred
Haringey,2020-10-26,38.0,51.0,59.0,67.0,89.0,inferred
Haringey,2020-10-27,38.0,52.0,61.0,70.0,90.0,inferred
Haringey,2020-10-28,39.0,53.0,62.0,71.0,89.0,inferred
Haringey,2020-10-29,37.0,53.0,63.0,73.0,93.0,inferred
Haringey,2020-10-30,38.0,54.0,63.0,74.0,96.0,inferred
Harlow,2020-08-01,0.0,0.0,0.0,1.0,4.0,inferred
Harlow,2020-08-02,0.0,0.0,0.0,1.0,4.0,inferred
Harlow,2020-08-03,0.0,0.0,0.0,1.0,4.0,inferred
Harlow,2020-08-04,0.0,0.0,0.0,1.0,3.0,inferred
Harlow,2020-08-05,0.0,0.0,0.0,1.0,3.0,inferred
Harlow,2020-08-06,0.0,0.0,0.0,1.0,4.0,inferred
Harlow,2020-08-07,0.0,0.0,0.0,1.0,4.0,inferred
Harlow,2020-08-08,0.0,0.0,0.0,1.0,4.0,inferred
Harlow,2020-08-09,0.0,0.0,0.0,1.0,4.0,inferred
Harlow,2020-08-10,0.0,0.0,0.0,1.0,4.0,inferred
Harlow,2020-08-11,0.0,0.0,0.0,1.0,4.0,inferred
Harlow,2020-08-12,0.0,0.0,0.0,1.0,4.0,inferred
Harlow,2020-08-13,0.0,0.0,0.0,1.0,4.0,inferred
Harlow,2020-08-14,0.0,0.0,0.0,1.0,4.0,inferred
Harlow,2020-08-15,0.0,0.0,0.0,1.0,4.0,inferred
Harlow,2020-08-16,0.0,0.0,0.0,1.0,4.0,inferred
Harlow,2020-08-17,0.0,0.0,0.0,1.0,4.0,inferred
Harlow,2020-08-18,0.0,0.0,0.0,1.0,5.0,inferred
Harlow,2020-08-19,0.0,0.0,0.0,1.0,4.0,inferred
Harlow,2020-08-20,0.0,0.0,0.0,1.0,4.0,inferred
Harlow,2020-08-21,0.0,0.0,0.0,1.0,4.0,inferred
Harlow,2020-08-22,0.0,0.0,0.0,1.0,4.0,inferred
Harlow,2020-08-23,0.0,0.0,0.0,1.0,4.0,inferred
Harlow,2020-08-24,0.0,0.0,0.0,1.0,4.0,inferred
Harlow,2020-08-25,0.0,0.0,0.0,1.0,4.0,inferred
Harlow,2020-08-26,0.0,0.0,0.0,1.0,4.0,inferred
Harlow,2020-08-27,0.0,0.0,0.0,1.0,4.0,inferred
Harlow,2020-08-28,0.0,0.0,0.0,1.0,4.0,inferred
Harlow,2020-08-29,0.0,0.0,0.0,1.0,4.0,inferred
Harlow,2020-08-30,0.0,0.0,0.0,1.0,4.0,inferred
Harlow,2020-08-31,0.0,0.0,0.0,1.0,4.0,inferred
Harlow,2020-09-01,0.0,0.0,0.0,1.0,4.0,inferred
Harlow,2020-09-02,0.0,0.0,0.0,1.0,5.0,inferred
Harlow,2020-09-03,0.0,0.0,0.0,1.0,5.0,inferred
Harlow,2020-09-04,0.0,0.0,0.0,1.0,5.0,inferred
Harlow,2020-09-05,0.0,0.0,1.0,2.0,5.0,inferred
Harlow,2020-09-06,0.0,0.0,1.0,2.0,5.0,inferred
Harlow,2020-09-07,0.0,0.0,1.0,2.0,6.0,inferred
Harlow,2020-09-08,0.0,0.0,1.0,2.0,6.0,inferred
Harlow,2020-09-09,0.0,0.0,1.0,2.0,7.0,inferred
Harlow,2020-09-10,0.0,0.0,1.0,2.0,6.0,inferred
Harlow,2020-09-11,0.0,0.0,1.0,3.0,7.0,inferred
Harlow,2020-09-12,0.0,0.0,1.0,3.0,7.0,inferred
Harlow,2020-09-13,0.0,0.0,1.0,3.0,7.0,inferred
Harlow,2020-09-14,0.0,1.0,2.0,3.0,8.0,inferred
Harlow,2020-09-15,0.0,1.0,2.0,3.0,7.0,inferred
Harlow,2020-09-16,0.0,1.0,2.0,4.0,8.0,inferred
Harlow,2020-09-17,0.0,1.0,2.0,4.0,9.0,inferred
Harlow,2020-09-18,0.0,1.0,2.0,4.0,9.0,inferred
Harlow,2020-09-19,0.0,1.0,3.0,5.0,10.0,inferred
Harlow,2020-09-20,0.0,2.0,3.0,5.0,10.0,inferred
Harlow,2020-09-21,0.0,2.0,3.0,5.0,11.0,inferred
Harlow,2020-09-22,0.0,2.0,3.0,5.0,11.0,inferred
Harlow,2020-09-23,0.0,2.0,3.0,6.0,11.0,inferred
Harlow,2020-09-24,0.0,2.0,4.0,6.0,11.0,inferred
Harlow,2020-09-25,0.0,2.0,4.0,6.0,11.0,inferred
Harlow,2020-09-26,0.0,2.0,4.0,6.0,12.0,inferred
Harlow,2020-09-27,0.0,2.0,4.0,6.0,11.0,inferred
Harlow,2020-09-28,0.0,2.0,4.0,6.0,11.0,inferred
Harlow,2020-09-29,0.0,2.0,4.0,6.0,12.0,inferred
Harlow,2020-09-30,0.0,2.0,4.0,7.0,12.0,inferred
Harlow,2020-10-01,0.0,3.0,5.0,7.0,13.0,inferred
Harlow,2020-10-02,0.0,3.0,5.0,7.0,13.0,inferred
Harlow,2020-10-03,0.0,3.0,5.0,8.0,14.0,inferred
Harlow,2020-10-04,1.0,3.0,5.0,8.0,14.0,inferred
Harlow,2020-10-05,1.0,3.0,6.0,8.0,15.0,inferred
Harlow,2020-10-06,1.0,3.0,6.0,8.0,15.0,inferred
Harlow,2020-10-07,1.0,4.0,6.0,9.0,15.0,inferred
Harlow,2020-10-08,1.0,4.0,6.0,9.0,16.0,inferred
Harlow,2020-10-09,1.0,4.0,6.0,9.0,16.0,inferred
Harlow,2020-10-10,1.0,5.0,7.0,10.0,17.0,inferred
Harlow,2020-10-11,1.0,5.0,7.0,10.0,17.0,inferred
Harlow,2020-10-12,2.0,5.0,7.0,10.0,17.0,inferred
Harlow,2020-10-13,2.0,5.0,7.0,10.0,18.0,inferred
Harlow,2020-10-14,1.0,5.0,7.0,10.0,18.0,inferred
Harlow,2020-10-15,2.0,5.0,7.0,11.0,17.0,inferred
Harlow,2020-10-16,1.0,5.0,8.0,11.0,18.0,inferred
Harlow,2020-10-17,1.0,5.0,8.0,11.0,18.0,inferred
Harlow,2020-10-18,2.0,5.0,8.0,11.0,18.0,inferred
Harlow,2020-10-19,2.0,6.0,8.0,12.0,19.0,inferred
Harlow,2020-10-20,3.0,6.0,9.0,12.0,20.0,inferred
Harlow,2020-10-21,3.0,7.0,10.0,13.0,21.0,inferred
Harlow,2020-10-22,3.0,7.0,10.0,13.0,21.0,inferred
Harlow,2020-10-23,3.0,7.0,10.0,13.0,22.0,inferred
Harlow,2020-10-24,3.0,7.0,10.0,14.0,22.0,inferred
Harlow,2020-10-25,3.0,8.0,11.0,14.0,22.0,inferred
Harlow,2020-10-26,4.0,8.0,11.0,14.0,22.0,inferred
Harlow,2020-10-27,3.0,8.0,11.0,15.0,23.0,inferred
Harlow,2020-10-28,4.0,9.0,12.0,15.0,24.0,inferred
Harlow,2020-10-29,4.0,9.0,12.0,16.0,25.0,inferred
Harlow,2020-10-30,4.0,9.0,12.0,16.0,25.0,inferred
Harrow,2020-08-01,0.0,1.0,2.0,3.0,7.0,inferred
Harrow,2020-08-02,0.0,1.0,2.0,3.0,7.0,inferred
Harrow,2020-08-03,0.0,1.0,2.0,3.0,7.0,inferred
Harrow,2020-08-04,0.0,1.0,2.0,4.0,8.0,inferred
Harrow,2020-08-05,0.0,1.0,2.0,4.0,8.0,inferred
Harrow,2020-08-06,0.0,1.0,2.0,4.0,9.0,inferred
Harrow,2020-08-07,0.0,1.0,3.0,5.0,10.0,inferred
Harrow,2020-08-08,0.0,1.0,3.0,5.0,10.0,inferred
Harrow,2020-08-09,0.0,1.0,3.0,5.0,10.0,inferred
Harrow,2020-08-10,0.0,1.0,3.0,5.0,10.0,inferred
Harrow,2020-08-11,0.0,2.0,3.0,5.0,11.0,inferred
Harrow,2020-08-12,0.0,2.0,3.0,5.0,11.0,inferred
Harrow,2020-08-13,0.0,2.0,4.0,6.0,12.0,inferred
Harrow,2020-08-14,0.0,2.0,4.0,6.0,12.0,inferred
Harrow,2020-08-15,0.0,2.0,4.0,6.0,12.0,inferred
Harrow,2020-08-16,0.0,2.0,4.0,6.0,12.0,inferred
Harrow,2020-08-17,0.0,2.0,4.0,6.0,12.0,inferred
Harrow,2020-08-18,0.0,3.0,4.0,6.0,12.0,inferred
Harrow,2020-08-19,0.0,2.0,4.0,7.0,12.0,inferred
Harrow,2020-08-20,0.0,3.0,5.0,7.0,13.0,inferred
Harrow,2020-08-21,1.0,3.0,5.0,7.0,13.0,inferred
Harrow,2020-08-22,1.0,3.0,6.0,8.0,14.0,inferred
Harrow,2020-08-23,1.0,4.0,6.0,9.0,15.0,inferred
Harrow,2020-08-24,1.0,4.0,6.0,9.0,16.0,inferred
Harrow,2020-08-25,1.0,4.0,6.0,9.0,16.0,inferred
Harrow,2020-08-26,1.0,4.0,6.0,9.0,16.0,inferred
Harrow,2020-08-27,1.0,4.0,6.0,9.0,16.0,inferred
Harrow,2020-08-28,1.0,4.0,7.0,9.0,15.0,inferred
Harrow,2020-08-29,1.0,4.0,7.0,10.0,17.0,inferred
Harrow,2020-08-30,1.0,5.0,7.0,10.0,17.0,inferred
Harrow,2020-08-31,2.0,5.0,8.0,11.0,18.0,inferred
Harrow,2020-09-01,2.0,6.0,9.0,12.0,19.0,inferred
Harrow,2020-09-02,2.0,6.0,9.0,13.0,20.0,inferred
Harrow,2020-09-03,3.0,7.0,10.0,14.0,21.0,inferred
Harrow,2020-09-04,3.0,7.0,10.0,14.0,22.0,inferred
Harrow,2020-09-05,3.0,7.0,10.0,14.0,22.0,inferred
Harrow,2020-09-06,3.0,7.0,10.0,14.0,22.0,inferred
Harrow,2020-09-07,2.0,7.0,10.0,13.0,21.0,inferred
Harrow,2020-09-08,2.0,6.0,10.0,13.0,22.0,inferred
Harrow,2020-09-09,2.0,7.0,10.0,13.0,21.0,inferred
Harrow,2020-09-10,2.0,6.0,9.0,12.0,20.0,inferred
Harrow,2020-09-11,2.0,6.0,9.0,12.0,19.0,inferred
Harrow,2020-09-12,2.0,6.0,9.0,12.0,19.0,inferred
Harrow,2020-09-13,2.0,6.0,8.0,12.0,19.0,inferred
Harrow,2020-09-14,2.0,6.0,8.0,11.0,20.0,inferred
Harrow,2020-09-15,2.0,6.0,9.0,12.0,19.0,inferred
Harrow,2020-09-16,2.0,6.0,9.0,13.0,20.0,inferred
Harrow,2020-09-17,3.0,7.0,10.0,13.0,21.0,inferred
Harrow,2020-09-18,3.0,7.0,11.0,14.0,23.0,inferred
Harrow,2020-09-19,4.0,8.0,11.0,15.0,23.0,inferred
Harrow,2020-09-20,4.0,9.0,12.0,16.0,25.0,inferred
Harrow,2020-09-21,5.0,10.0,13.0,17.0,26.0,inferred
Harrow,2020-09-22,6.0,10.0,14.0,18.0,28.0,inferred
Harrow,2020-09-23,6.0,12.0,16.0,20.0,29.0,inferred
Harrow,2020-09-24,7.0,13.0,17.0,22.0,32.0,inferred
Harrow,2020-09-25,8.0,14.0,19.0,23.0,34.0,inferred
Harrow,2020-09-26,9.0,15.0,20.0,24.0,35.0,inferred
Harrow,2020-09-27,10.0,17.0,21.0,26.0,38.0,inferred
Harrow,2020-09-28,11.0,18.0,23.0,28.0,39.0,inferred
Harrow,2020-09-29,12.0,20.0,25.0,30.0,41.0,inferred
Harrow,2020-09-30,14.0,22.0,26.0,32.0,43.0,inferred
Harrow,2020-10-01,15.0,23.0,28.0,34.0,47.0,inferred
Harrow,2020-10-02,16.0,25.0,31.0,38.0,52.0,inferred
Harrow,2020-10-03,17.0,27.0,34.0,41.0,56.0,inferred
Harrow,2020-10-04,18.0,29.0,37.0,44.0,60.0,inferred
Harrow,2020-10-05,20.0,31.0,38.0,46.0,63.0,inferred
Harrow,2020-10-06,21.0,32.0,40.0,48.0,63.0,inferred
Harrow,2020-10-07,21.0,33.0,40.0,48.0,64.0,inferred
Harrow,2020-10-08,23.0,34.0,41.0,48.0,64.0,inferred
Harrow,2020-10-09,23.0,34.0,40.0,48.0,63.0,inferred
Harrow,2020-10-10,23.0,34.0,41.0,48.0,62.0,inferred
Harrow,2020-10-11,24.0,35.0,42.0,48.0,63.0,inferred
Harrow,2020-10-12,25.0,36.0,42.0,50.0,64.0,inferred
Harrow,2020-10-13,25.0,37.0,44.0,51.0,66.0,inferred
Harrow,2020-10-14,26.0,38.0,45.0,53.0,69.0,inferred
Harrow,2020-10-15,26.0,39.0,47.0,54.0,71.0,inferred
Harrow,2020-10-16,26.0,41.0,49.0,57.0,74.0,inferred
Harrow,2020-10-17,26.0,42.0,50.0,58.0,75.0,inferred
Harrow,2020-10-18,27.0,43.0,51.0,60.0,79.0,inferred
Harrow,2020-10-19,29.0,44.0,53.0,61.0,80.0,inferred
Harrow,2020-10-20,30.0,45.0,54.0,62.0,80.0,inferred
Harrow,2020-10-21,32.0,46.0,54.0,62.0,80.0,inferred
Harrow,2020-10-22,33.0,45.0,53.0,62.0,79.0,inferred
Harrow,2020-10-23,33.0,46.0,53.0,61.0,79.0,inferred
Harrow,2020-10-24,32.0,45.0,53.0,61.0,80.0,inferred
Harrow,2020-10-25,33.0,46.0,53.0,62.0,83.0,inferred
Harrow,2020-10-26,34.0,47.0,55.0,64.0,84.0,inferred
Harrow,2020-10-27,35.0,48.0,56.0,65.0,84.0,inferred
Harrow,2020-10-28,35.0,50.0,58.0,67.0,85.0,inferred
Harrow,2020-10-29,36.0,50.0,59.0,68.0,86.0,inferred
Harrow,2020-10-30,36.0,50.8,60.0,69.0,88.0,inferred
Hart,2020-08-01,0.0,0.0,0.0,0.0,2.0,inferred
Hart,2020-08-02,0.0,0.0,0.0,0.0,3.0,inferred
Hart,2020-08-03,0.0,0.0,0.0,1.0,3.0,inferred
Hart,2020-08-04,0.0,0.0,0.0,1.0,4.0,inferred
Hart,2020-08-05,0.0,0.0,0.0,1.0,4.0,inferred
Hart,2020-08-06,0.0,0.0,0.0,1.0,4.0,inferred
Hart,2020-08-07,0.0,0.0,0.0,1.0,4.0,inferred
Hart,2020-08-08,0.0,0.0,0.0,1.0,5.0,inferred
Hart,2020-08-09,0.0,0.0,0.0,1.0,5.0,inferred
Hart,2020-08-10,0.0,0.0,0.0,1.0,5.0,inferred
Hart,2020-08-11,0.0,0.0,0.0,1.0,4.0,inferred
Hart,2020-08-12,0.0,0.0,0.0,1.0,4.0,inferred
Hart,2020-08-13,0.0,0.0,0.0,1.0,4.0,inferred
Hart,2020-08-14,0.0,0.0,0.0,1.0,4.0,inferred
Hart,2020-08-15,0.0,0.0,0.0,1.0,4.0,inferred
Hart,2020-08-16,0.0,0.0,0.0,1.0,4.0,inferred
Hart,2020-08-17,0.0,0.0,0.0,1.0,4.0,inferred
Hart,2020-08-18,0.0,0.0,0.0,1.0,4.0,inferred
Hart,2020-08-19,0.0,0.0,0.0,1.0,4.0,inferred
Hart,2020-08-20,0.0,0.0,0.0,1.0,4.0,inferred
Hart,2020-08-21,0.0,0.0,0.0,1.0,4.0,inferred
Hart,2020-08-22,0.0,0.0,0.0,1.0,5.0,inferred
Hart,2020-08-23,0.0,0.0,0.0,1.0,5.0,inferred
Hart,2020-08-24,0.0,0.0,0.0,1.0,5.0,inferred
Hart,2020-08-25,0.0,0.0,0.0,1.0,5.0,inferred
Hart,2020-08-26,0.0,0.0,0.0,1.0,5.0,inferred
Hart,2020-08-27,0.0,0.0,1.0,2.0,5.0,inferred
Hart,2020-08-28,0.0,0.0,1.0,2.0,5.0,inferred
Hart,2020-08-29,0.0,0.0,1.0,2.0,5.0,inferred
Hart,2020-08-30,0.0,0.0,1.0,2.0,5.0,inferred
Hart,2020-08-31,0.0,0.0,1.0,2.0,5.0,inferred
Hart,2020-09-01,0.0,0.0,1.0,2.0,5.0,inferred
Hart,2020-09-02,0.0,0.0,1.0,2.0,5.0,inferred
Hart,2020-09-03,0.0,0.0,1.0,2.0,5.0,inferred
Hart,2020-09-04,0.0,0.0,1.0,2.0,5.0,inferred
Hart,2020-09-05,0.0,0.0,0.0,1.0,5.0,inferred
Hart,2020-09-06,0.0,0.0,0.0,2.0,5.0,inferred
Hart,2020-09-07,0.0,0.0,1.0,2.0,5.0,inferred
Hart,2020-09-08,0.0,0.0,1.0,2.0,5.0,inferred
Hart,2020-09-09,0.0,0.0,1.0,2.0,5.0,inferred
Hart,2020-09-10,0.0,0.0,1.0,2.0,6.0,inferred
Hart,2020-09-11,0.0,0.0,1.0,2.0,6.0,inferred
Hart,2020-09-12,0.0,0.0,1.0,2.0,6.0,inferred
Hart,2020-09-13,0.0,0.0,1.0,2.0,6.0,inferred
Hart,2020-09-14,0.0,0.0,1.0,2.0,6.0,inferred
Hart,2020-09-15,0.0,0.0,1.0,2.0,6.0,inferred
Hart,2020-09-16,0.0,0.0,1.0,2.0,6.0,inferred
Hart,2020-09-17,0.0,0.0,1.0,3.0,7.0,inferred
Hart,2020-09-18,0.0,0.0,1.0,3.0,7.0,inferred
Hart,2020-09-19,0.0,0.0,1.0,3.0,7.0,inferred
Hart,2020-09-20,0.0,0.0,2.0,3.0,8.0,inferred
Hart,2020-09-21,0.0,1.0,2.0,3.0,7.0,inferred
Hart,2020-09-22,0.0,1.0,2.0,4.0,9.0,inferred
Hart,2020-09-23,0.0,1.0,2.0,4.0,8.0,inferred
Hart,2020-09-24,0.0,1.0,3.0,4.0,9.0,inferred
Hart,2020-09-25,0.0,1.0,3.0,5.0,10.0,inferred
Hart,2020-09-26,0.0,2.0,3.0,5.0,11.0,inferred
Hart,2020-09-27,0.0,2.0,3.0,6.0,11.0,inferred
Hart,2020-09-28,0.0,2.0,4.0,6.0,11.0,inferred
Hart,2020-09-29,0.0,2.0,4.0,7.0,12.0,inferred
Hart,2020-09-30,0.0,3.0,5.0,7.0,13.0,inferred
Hart,2020-10-01,1.0,3.0,5.0,8.0,13.0,inferred
Hart,2020-10-02,1.0,3.0,5.0,8.0,14.0,inferred
Hart,2020-10-03,1.0,4.0,6.0,9.0,15.0,inferred
Hart,2020-10-04,1.0,4.0,6.0,9.0,15.0,inferred
Hart,2020-10-05,1.0,4.0,6.0,9.0,16.0,inferred
Hart,2020-10-06,1.0,5.0,7.0,9.0,16.0,inferred
Hart,2020-10-07,1.0,5.0,7.0,10.0,16.0,inferred
Hart,2020-10-08,1.0,5.0,7.0,10.0,17.0,inferred
Hart,2020-10-09,2.0,5.0,8.0,10.0,17.0,inferred
Hart,2020-10-10,2.0,5.0,8.0,11.0,18.0,inferred
Hart,2020-10-11,2.0,6.0,8.0,11.0,18.0,inferred
Hart,2020-10-12,2.0,6.0,9.0,12.0,19.0,inferred
Hart,2020-10-13,2.0,6.0,9.0,12.0,20.0,inferred
Hart,2020-10-14,3.0,6.0,9.0,12.0,20.0,inferred
Hart,2020-10-15,3.0,7.0,9.0,12.0,20.0,inferred
Hart,2020-10-16,3.0,7.0,10.0,13.0,20.0,inferred
Hart,2020-10-17,3.0,7.0,10.0,13.0,21.0,inferred
Hart,2020-10-18,3.0,8.0,10.0,14.0,22.0,inferred
Hart,2020-10-19,3.0,8.0,11.0,14.0,23.0,inferred
Hart,2020-10-20,3.0,8.0,11.0,15.0,22.0,inferred
Hart,2020-10-21,4.0,8.0,11.0,15.0,23.0,inferred
Hart,2020-10-22,4.0,9.0,12.0,16.0,23.0,inferred
Hart,2020-10-23,4.0,9.0,12.0,16.0,24.0,inferred
Hart,2020-10-24,4.0,9.0,13.0,16.0,25.0,inferred
Hart,2020-10-25,5.0,9.0,13.0,17.0,25.0,inferred
Hart,2020-10-26,5.0,10.0,13.0,17.0,27.0,inferred
Hart,2020-10-27,5.0,10.0,14.0,18.0,27.0,inferred
Hart,2020-10-28,5.0,11.0,14.0,18.0,28.0,inferred
Hart,2020-10-29,6.0,11.0,15.0,19.0,28.0,inferred
Hart,2020-10-30,6.0,12.0,16.0,20.0,29.0,inferred
Havant,2020-08-01,0.0,0.0,0.0,1.0,4.0,inferred
Havant,2020-08-02,0.0,0.0,0.0,1.0,4.0,inferred
Havant,2020-08-03,0.0,0.0,0.0,1.0,4.0,inferred
Havant,2020-08-04,0.0,0.0,0.0,1.0,4.0,inferred
Havant,2020-08-05,0.0,0.0,0.0,1.0,4.0,inferred
Havant,2020-08-06,0.0,0.0,0.0,1.0,4.0,inferred
Havant,2020-08-07,0.0,0.0,0.0,1.0,3.0,inferred
Havant,2020-08-08,0.0,0.0,0.0,1.0,4.0,inferred
Havant,2020-08-09,0.0,0.0,0.0,1.0,4.0,inferred
Havant,2020-08-10,0.0,0.0,0.0,1.0,4.0,inferred
Havant,2020-08-11,0.0,0.0,0.0,1.0,4.0,inferred
Havant,2020-08-12,0.0,0.0,0.0,1.0,4.0,inferred
Havant,2020-08-13,0.0,0.0,0.0,1.0,4.0,inferred
Havant,2020-08-14,0.0,0.0,0.0,1.0,4.0,inferred
Havant,2020-08-15,0.0,0.0,0.0,1.0,4.0,inferred
Havant,2020-08-16,0.0,0.0,0.0,1.0,4.0,inferred
Havant,2020-08-17,0.0,0.0,0.0,1.0,4.0,inferred
Havant,2020-08-18,0.0,0.0,0.0,1.0,4.0,inferred
Havant,2020-08-19,0.0,0.0,0.0,1.0,4.0,inferred
Havant,2020-08-20,0.0,0.0,0.0,1.0,4.0,inferred
Havant,2020-08-21,0.0,0.0,0.0,1.0,4.0,inferred
Havant,2020-08-22,0.0,0.0,0.0,1.0,4.0,inferred
Havant,2020-08-23,0.0,0.0,0.0,1.0,4.0,inferred
Havant,2020-08-24,0.0,0.0,0.0,1.0,4.0,inferred
Havant,2020-08-25,0.0,0.0,0.0,1.0,4.0,inferred
Havant,2020-08-26,0.0,0.0,0.0,1.0,4.0,inferred
Havant,2020-08-27,0.0,0.0,0.0,1.0,5.0,inferred
Havant,2020-08-28,0.0,0.0,0.0,1.0,5.0,inferred
Havant,2020-08-29,0.0,0.0,0.0,1.0,5.0,inferred
Havant,2020-08-30,0.0,0.0,0.0,1.0,5.0,inferred
Havant,2020-08-31,0.0,0.0,0.0,1.0,4.0,inferred
Havant,2020-09-01,0.0,0.0,0.0,1.0,5.0,inferred
Havant,2020-09-02,0.0,0.0,0.0,1.0,5.0,inferred
Havant,2020-09-03,0.0,0.0,0.0,2.0,5.0,inferred
Havant,2020-09-04,0.0,0.0,1.0,2.0,5.0,inferred
Havant,2020-09-05,0.0,0.0,1.0,2.0,6.0,inferred
Havant,2020-09-06,0.0,0.0,1.0,2.0,6.0,inferred
Havant,2020-09-07,0.0,0.0,1.0,2.0,6.0,inferred
Havant,2020-09-08,0.0,0.0,1.0,2.0,6.0,inferred
Havant,2020-09-09,0.0,0.0,1.0,2.0,6.0,inferred
Havant,2020-09-10,0.0,0.0,1.0,3.0,6.0,inferred
Havant,2020-09-11,0.0,0.0,1.0,3.0,7.0,inferred
Havant,2020-09-12,0.0,1.0,1.0,3.0,8.0,inferred
Havant,2020-09-13,0.0,1.0,2.0,3.0,8.0,inferred
Havant,2020-09-14,0.0,1.0,2.0,3.0,8.0,inferred
Havant,2020-09-15,0.0,1.0,2.0,4.0,8.0,inferred
Havant,2020-09-16,0.0,1.0,2.0,4.0,9.0,inferred
Havant,2020-09-17,0.0,1.0,2.0,4.0,9.0,inferred
Havant,2020-09-18,0.0,1.0,2.0,4.0,9.0,inferred
Havant,2020-09-19,0.0,1.0,2.0,4.0,9.0,inferred
Havant,2020-09-20,0.0,1.0,3.0,4.0,9.0,inferred
Havant,2020-09-21,0.0,1.0,3.0,5.0,10.0,inferred
Havant,2020-09-22,0.0,2.0,3.0,5.0,10.0,inferred
Havant,2020-09-23,0.0,2.0,3.0,5.0,11.0,inferred
Havant,2020-09-24,0.0,2.0,3.0,5.0,11.0,inferred
Havant,2020-09-25,0.0,2.0,4.0,6.0,11.0,inferred
Havant,2020-09-26,0.0,2.0,3.0,6.0,11.0,inferred
Havant,2020-09-27,0.0,2.0,4.0,6.0,11.0,inferred
Havant,2020-09-28,0.0,2.0,4.0,6.0,12.0,inferred
Havant,2020-09-29,0.0,2.0,4.0,6.0,12.0,inferred
Havant,2020-09-30,0.0,2.0,4.0,6.0,12.0,inferred
Havant,2020-10-01,0.0,2.0,4.0,7.0,13.0,inferred
Havant,2020-10-02,0.0,3.0,5.0,7.0,13.0,inferred
Havant,2020-10-03,0.0,3.0,5.0,7.2,13.0,inferred
Havant,2020-10-04,0.0,3.0,5.0,8.0,14.0,inferred
Havant,2020-10-05,1.0,3.0,5.0,8.0,14.0,inferred
Havant,2020-10-06,1.0,3.0,6.0,8.0,14.0,inferred
Havant,2020-10-07,1.0,4.0,6.0,8.0,15.0,inferred
Havant,2020-10-08,1.0,4.0,6.0,9.0,15.0,inferred
Havant,2020-10-09,1.0,4.0,7.0,9.0,16.0,inferred
Havant,2020-10-10,1.0,5.0,7.0,10.0,16.0,inferred
Havant,2020-10-11,2.0,5.0,7.0,10.0,18.0,inferred
Havant,2020-10-12,2.0,5.0,8.0,11.0,17.0,inferred
Havant,2020-10-13,2.0,6.0,8.0,11.0,18.0,inferred
Havant,2020-10-14,2.0,6.0,8.0,12.0,19.0,inferred
Havant,2020-10-15,2.0,6.0,9.0,12.0,19.0,inferred
Havant,2020-10-16,2.0,6.0,9.0,12.0,20.0,inferred
Havant,2020-10-17,3.0,7.0,10.0,14.0,21.0,inferred
Havant,2020-10-18,4.0,8.0,11.0,15.0,23.0,inferred
Havant,2020-10-19,4.0,9.0,12.0,16.0,25.0,inferred
Havant,2020-10-20,5.0,10.0,13.0,17.0,26.0,inferred
Havant,2020-10-21,5.0,11.0,15.0,19.0,28.0,inferred
Havant,2020-10-22,6.0,12.0,15.0,20.0,29.0,inferred
Havant,2020-10-23,7.0,13.0,16.0,21.0,30.0,inferred
Havant,2020-10-24,7.0,13.0,17.0,22.0,32.0,inferred
Havant,2020-10-25,8.0,15.0,19.0,23.0,34.0,inferred
Havant,2020-10-26,9.0,16.0,21.0,26.0,37.0,inferred
Havant,2020-10-27,11.0,18.0,22.0,28.0,38.0,inferred
Havant,2020-10-28,11.0,19.0,24.0,30.0,42.0,inferred
Havant,2020-10-29,13.0,21.0,26.0,32.0,43.0,inferred
Havant,2020-10-30,14.0,23.0,28.0,34.0,46.0,inferred
Hertsmere,2020-08-01,0.0,0.0,0.0,1.0,4.0,inferred
Hertsmere,2020-08-02,0.0,0.0,1.0,2.0,5.0,inferred
Hertsmere,2020-08-03,0.0,0.0,1.0,2.0,6.0,inferred
Hertsmere,2020-08-04,0.0,0.0,1.0,2.0,6.0,inferred
Hertsmere,2020-08-05,0.0,0.0,1.0,2.0,6.0,inferred
Hertsmere,2020-08-06,0.0,0.0,1.0,2.0,6.0,inferred
Hertsmere,2020-08-07,0.0,0.0,1.0,2.0,6.0,inferred
Hertsmere,2020-08-08,0.0,0.0,1.0,2.0,6.0,inferred
Hertsmere,2020-08-09,0.0,0.0,1.0,3.0,6.0,inferred
Hertsmere,2020-08-10,0.0,0.0,1.0,2.0,7.0,inferred
Hertsmere,2020-08-11,0.0,0.0,1.0,3.0,6.0,inferred
Hertsmere,2020-08-12,0.0,0.0,1.0,2.0,6.0,inferred
Hertsmere,2020-08-13,0.0,0.0,1.0,2.0,6.0,inferred
Hertsmere,2020-08-14,0.0,0.0,1.0,2.0,6.0,inferred
Hertsmere,2020-08-15,0.0,0.0,1.0,2.0,6.0,inferred
Hertsmere,2020-08-16,0.0,0.0,1.0,3.0,7.0,inferred
Hertsmere,2020-08-17,0.0,0.0,1.0,3.0,7.0,inferred
Hertsmere,2020-08-18,0.0,0.0,1.0,3.0,7.0,inferred
Hertsmere,2020-08-19,0.0,0.0,1.0,3.0,7.0,inferred
Hertsmere,2020-08-20,0.0,0.0,1.0,3.0,7.0,inferred
Hertsmere,2020-08-21,0.0,0.0,2.0,3.0,7.0,inferred
Hertsmere,2020-08-22,0.0,1.0,2.0,3.0,8.0,inferred
Hertsmere,2020-08-23,0.0,1.0,2.0,3.0,8.0,inferred
Hertsmere,2020-08-24,0.0,1.0,2.0,4.0,8.0,inferred
Hertsmere,2020-08-25,0.0,1.0,2.0,4.0,9.0,inferred
Hertsmere,2020-08-26,0.0,1.0,3.0,5.0,10.0,inferred
Hertsmere,2020-08-27,0.0,2.0,3.0,5.0,11.0,inferred
Hertsmere,2020-08-28,0.0,2.0,4.0,6.0,12.0,inferred
Hertsmere,2020-08-29,0.0,3.0,5.0,7.0,14.0,inferred
Hertsmere,2020-08-30,1.0,3.0,5.0,8.0,14.0,inferred
Hertsmere,2020-08-31,1.0,4.0,6.0,9.0,15.0,inferred
Hertsmere,2020-09-01,1.0,4.0,6.0,9.0,16.0,inferred
Hertsmere,2020-09-02,1.0,4.0,7.0,9.0,16.0,inferred
Hertsmere,2020-09-03,1.0,4.0,7.0,9.0,16.0,inferred
Hertsmere,2020-09-04,1.0,4.0,7.0,9.0,16.0,inferred
Hertsmere,2020-09-05,1.0,4.0,6.0,9.0,16.0,inferred
Hertsmere,2020-09-06,1.0,4.0,6.0,9.0,14.0,inferred
Hertsmere,2020-09-07,1.0,4.0,6.0,8.0,15.0,inferred
Hertsmere,2020-09-08,1.0,3.0,5.0,8.0,15.0,inferred
Hertsmere,2020-09-09,1.0,3.0,6.0,8.0,14.0,inferred
Hertsmere,2020-09-10,1.0,4.0,6.0,9.0,15.0,inferred
Hertsmere,2020-09-11,1.0,4.0,6.0,9.0,16.0,inferred
Hertsmere,2020-09-12,1.0,4.0,6.0,9.0,16.0,inferred
Hertsmere,2020-09-13,1.0,4.0,6.0,9.0,16.0,inferred
Hertsmere,2020-09-14,1.0,4.0,6.0,9.0,15.0,inferred
Hertsmere,2020-09-15,1.0,4.0,6.0,9.0,16.0,inferred
Hertsmere,2020-09-16,1.0,4.0,6.0,9.0,15.0,inferred
Hertsmere,2020-09-17,1.0,4.0,6.0,9.0,15.0,inferred
Hertsmere,2020-09-18,1.0,3.0,6.0,8.0,15.0,inferred
Hertsmere,2020-09-19,1.0,3.0,5.0,8.0,15.0,inferred
Hertsmere,2020-09-20,1.0,3.0,5.0,8.0,15.0,inferred
Hertsmere,2020-09-21,1.0,3.0,5.0,8.0,15.0,inferred
Hertsmere,2020-09-22,0.0,3.0,5.0,8.0,14.0,inferred
Hertsmere,2020-09-23,1.0,3.0,5.0,8.0,14.0,inferred
Hertsmere,2020-09-24,1.0,3.0,5.0,8.0,15.0,inferred
Hertsmere,2020-09-25,1.0,4.0,6.0,9.0,15.0,inferred
Hertsmere,2020-09-26,1.0,4.0,7.0,10.0,17.0,inferred
Hertsmere,2020-09-27,2.0,6.0,8.0,11.0,18.0,inferred
Hertsmere,2020-09-28,3.0,7.0,10.0,13.0,21.0,inferred
Hertsmere,2020-09-29,3.0,8.0,11.0,15.0,23.0,inferred
Hertsmere,2020-09-30,4.0,9.0,13.0,17.0,25.0,inferred
Hertsmere,2020-10-01,5.0,10.0,14.0,18.0,27.0,inferred
Hertsmere,2020-10-02,6.0,12.0,15.0,19.0,28.0,inferred
Hertsmere,2020-10-03,7.0,12.0,16.0,20.0,28.0,inferred
Hertsmere,2020-10-04,7.0,12.0,16.0,21.0,31.0,inferred
Hertsmere,2020-10-05,7.0,12.0,16.0,21.0,31.0,inferred
Hertsmere,2020-10-06,7.0,13.0,16.0,21.0,31.0,inferred
Hertsmere,2020-10-07,6.0,13.0,17.0,21.0,32.0,inferred
Hertsmere,2020-10-08,7.0,13.0,17.0,21.0,31.0,inferred
Hertsmere,2020-10-09,7.0,13.0,18.0,22.0,31.0,inferred
Hertsmere,2020-10-10,8.0,14.0,18.0,22.0,32.0,inferred
Hertsmere,2020-10-11,7.0,13.0,17.0,21.2,31.0,inferred
Hertsmere,2020-10-12,7.0,13.0,17.0,22.0,32.0,inferred
Hertsmere,2020-10-13,7.0,13.0,17.0,22.0,33.0,inferred
Hertsmere,2020-10-14,7.0,13.0,17.0,22.0,32.0,inferred
Hertsmere,2020-10-15,7.0,13.0,17.0,22.0,32.0,inferred
Hertsmere,2020-10-16,7.0,13.0,18.0,22.0,33.0,inferred
Hertsmere,2020-10-17,8.0,14.0,18.0,23.0,33.0,inferred
Hertsmere,2020-10-18,8.0,14.0,18.0,23.0,34.0,inferred
Hertsmere,2020-10-19,9.0,15.0,19.0,24.0,35.0,inferred
Hertsmere,2020-10-20,10.0,16.0,21.0,26.0,37.0,inferred
Hertsmere,2020-10-21,10.0,17.0,22.0,27.0,39.0,inferred
Hertsmere,2020-10-22,11.0,18.0,23.0,28.0,39.0,inferred
Hertsmere,2020-10-23,11.0,18.0,23.0,28.0,42.0,inferred
Hertsmere,2020-10-24,10.0,18.0,22.0,28.0,41.0,inferred
Hertsmere,2020-10-25,10.0,17.0,22.0,28.0,42.0,inferred
Hertsmere,2020-10-26,10.0,18.0,23.0,28.0,42.0,inferred
Hertsmere,2020-10-27,10.0,18.0,23.0,29.0,44.0,inferred
Hertsmere,2020-10-28,11.0,18.0,24.0,30.0,45.0,inferred
Hertsmere,2020-10-29,10.0,19.0,24.0,31.0,46.0,inferred
Hertsmere,2020-10-30,11.0,19.0,25.0,32.0,47.0,inferred
Hillingdon,2020-08-01,0.0,1.0,2.0,3.0,8.0,inferred
Hillingdon,2020-08-02,0.0,1.0,2.0,4.0,8.0,inferred
Hillingdon,2020-08-03,0.0,1.0,3.0,4.0,9.0,inferred
Hillingdon,2020-08-04,0.0,1.0,3.0,5.0,10.0,inferred
Hillingdon,2020-08-05,0.0,2.0,3.0,5.0,11.0,inferred
Hillingdon,2020-08-06,0.0,2.0,4.0,6.0,11.0,inferred
Hillingdon,2020-08-07,0.0,2.0,4.0,6.0,12.0,inferred
Hillingdon,2020-08-08,0.0,3.0,5.0,7.0,13.0,inferred
Hillingdon,2020-08-09,0.0,3.0,5.0,7.0,13.0,inferred
Hillingdon,2020-08-10,0.0,3.0,5.0,8.0,14.0,inferred
Hillingdon,2020-08-11,1.0,3.0,6.0,8.0,14.0,inferred
Hillingdon,2020-08-12,1.0,3.0,6.0,8.0,14.0,inferred
Hillingdon,2020-08-13,1.0,4.0,6.0,8.0,15.0,inferred
Hillingdon,2020-08-14,1.0,4.0,6.0,8.0,15.0,inferred
Hillingdon,2020-08-15,1.0,4.0,6.0,8.0,15.0,inferred
Hillingdon,2020-08-16,1.0,4.0,6.0,8.0,15.0,inferred
Hillingdon,2020-08-17,1.0,4.0,6.0,8.0,14.0,inferred
Hillingdon,2020-08-18,1.0,3.0,6.0,8.0,14.0,inferred
Hillingdon,2020-08-19,1.0,3.0,5.0,8.0,14.0,inferred
Hillingdon,2020-08-20,1.0,3.0,6.0,8.0,14.0,inferred
Hillingdon,2020-08-21,1.0,3.0,6.0,8.0,14.0,inferred
Hillingdon,2020-08-22,1.0,3.0,6.0,8.0,14.0,inferred
Hillingdon,2020-08-23,1.0,3.0,5.0,8.0,14.0,inferred
Hillingdon,2020-08-24,1.0,3.0,5.0,8.0,14.0,inferred
Hillingdon,2020-08-25,1.0,3.0,5.0,8.0,14.0,inferred
Hillingdon,2020-08-26,1.0,3.0,6.0,8.0,14.0,inferred
Hillingdon,2020-08-27,1.0,4.0,6.0,8.0,15.0,inferred
Hillingdon,2020-08-28,1.0,4.0,6.0,9.0,16.0,inferred
Hillingdon,2020-08-29,1.0,4.0,6.0,9.0,16.0,inferred
Hillingdon,2020-08-30,1.0,4.0,7.0,10.0,17.0,inferred
Hillingdon,2020-08-31,1.0,5.0,7.0,10.0,17.0,inferred
Hillingdon,2020-09-01,2.0,5.0,8.0,11.0,18.0,inferred
Hillingdon,2020-09-02,2.0,6.0,8.0,12.0,20.0,inferred
Hillingdon,2020-09-03,2.0,6.0,9.0,12.0,20.0,inferred
Hillingdon,2020-09-04,2.0,6.0,10.0,13.0,20.0,inferred
Hillingdon,2020-09-05,3.0,7.0,10.0,13.0,20.0,inferred
Hillingdon,2020-09-06,3.0,7.0,10.0,13.0,21.0,inferred
Hillingdon,2020-09-07,3.0,7.0,10.0,13.0,21.0,inferred
Hillingdon,2020-09-08,3.0,7.0,10.0,13.0,21.0,inferred
Hillingdon,2020-09-09,3.0,7.0,10.0,13.0,21.0,inferred
Hillingdon,2020-09-10,2.0,7.0,10.0,13.0,22.0,inferred
Hillingdon,2020-09-11,3.0,7.0,10.0,13.0,21.0,inferred
Hillingdon,2020-09-12,3.0,7.0,10.0,14.0,22.0,inferred
Hillingdon,2020-09-13,3.0,7.0,10.0,14.0,22.0,inferred
Hillingdon,2020-09-14,3.0,8.0,11.0,15.0,24.0,inferred
Hillingdon,2020-09-15,4.0,9.0,12.0,16.0,25.0,inferred
Hillingdon,2020-09-16,5.0,10.0,14.0,18.0,27.0,inferred
Hillingdon,2020-09-17,6.0,11.0,15.0,19.0,28.0,inferred
Hillingdon,2020-09-18,6.0,12.0,16.0,20.0,31.0,inferred
Hillingdon,2020-09-19,7.0,13.0,17.0,21.0,31.0,inferred
Hillingdon,2020-09-20,7.0,14.0,18.0,22.0,32.0,inferred
Hillingdon,2020-09-21,8.0,14.0,18.0,23.0,33.0,inferred
Hillingdon,2020-09-22,9.0,16.0,20.0,25.0,34.0,inferred
Hillingdon,2020-09-23,10.0,17.0,21.0,26.0,36.0,inferred
Hillingdon,2020-09-24,10.0,18.0,22.0,27.0,38.0,inferred
Hillingdon,2020-09-25,11.0,18.0,23.0,28.0,40.0,inferred
Hillingdon,2020-09-26,12.0,20.0,25.0,30.0,41.0,inferred
Hillingdon,2020-09-27,14.0,21.0,26.0,31.0,43.0,inferred
Hillingdon,2020-09-28,15.0,22.0,27.0,33.0,44.0,inferred
Hillingdon,2020-09-29,16.0,25.0,29.0,35.0,47.0,inferred
Hillingdon,2020-09-30,17.0,26.0,31.0,37.0,50.0,inferred
Hillingdon,2020-10-01,18.0,27.0,33.0,39.0,52.0,inferred
Hillingdon,2020-10-02,19.0,29.0,34.0,41.0,54.0,inferred
Hillingdon,2020-10-03,22.0,31.0,37.0,43.0,57.0,inferred
Hillingdon,2020-10-04,23.0,33.0,39.0,46.0,60.0,inferred
Hillingdon,2020-10-05,24.0,35.0,41.0,48.0,64.0,inferred
Hillingdon,2020-10-06,26.0,37.0,43.0,50.0,65.0,inferred
Hillingdon,2020-10-07,27.0,39.0,45.0,52.0,66.0,inferred
Hillingdon,2020-10-08,29.0,40.0,47.0,54.0,69.0,inferred
Hillingdon,2020-10-09,30.0,42.0,49.0,57.0,71.0,inferred
Hillingdon,2020-10-10,32.0,44.0,51.0,59.0,75.0,inferred
Hillingdon,2020-10-11,34.0,45.0,53.0,60.0,77.0,inferred
Hillingdon,2020-10-12,34.0,47.0,54.0,62.0,79.0,inferred
Hillingdon,2020-10-13,35.0,48.0,56.0,65.0,81.0,inferred
Hillingdon,2020-10-14,37.0,50.0,58.0,67.0,84.0,inferred
Hillingdon,2020-10-15,38.0,52.0,59.0,68.0,85.0,inferred
Hillingdon,2020-10-16,40.0,54.0,62.0,70.0,88.0,inferred
Hillingdon,2020-10-17,41.0,56.0,64.0,73.0,90.0,inferred
Hillingdon,2020-10-18,44.0,58.0,67.0,76.0,94.0,inferred
Hillingdon,2020-10-19,48.0,61.0,70.0,79.0,97.0,inferred
Hillingdon,2020-10-20,50.0,65.0,74.0,82.0,101.0,inferred
Hillingdon,2020-10-21,53.0,67.0,76.0,85.0,104.0,inferred
Hillingdon,2020-10-22,54.0,69.0,78.0,87.0,106.0,inferred
Hillingdon,2020-10-23,55.0,70.0,79.0,88.0,106.0,inferred
Hillingdon,2020-10-24,55.0,71.0,80.0,89.0,108.0,inferred
Hillingdon,2020-10-25,54.0,71.0,81.0,91.0,111.0,inferred
Hillingdon,2020-10-26,54.0,71.0,81.0,93.0,114.0,inferred
Hillingdon,2020-10-27,55.0,72.0,83.0,94.0,116.0,inferred
Hillingdon,2020-10-28,55.0,73.0,84.5,96.0,117.0,inferred
Hillingdon,2020-10-29,55.0,76.0,86.0,98.0,120.0,inferred
Hillingdon,2020-10-30,59.0,79.0,89.0,100.0,122.0,inferred
Hinckley and Bosworth,2020-08-01,0.0,1.0,2.0,3.0,7.0,inferred
Hinckley and Bosworth,2020-08-02,0.0,1.0,2.0,3.0,7.0,inferred
Hinckley and Bosworth,2020-08-03,0.0,0.0,1.0,3.0,7.0,inferred
Hinckley and Bosworth,2020-08-04,0.0,0.0,1.0,3.0,7.0,inferred
Hinckley and Bosworth,2020-08-05,0.0,0.0,1.0,2.0,6.0,inferred
Hinckley and Bosworth,2020-08-06,0.0,0.0,1.0,2.0,6.0,inferred
Hinckley and Bosworth,2020-08-07,0.0,0.0,1.0,2.0,5.0,inferred
Hinckley and Bosworth,2020-08-08,0.0,0.0,1.0,2.0,6.0,inferred
Hinckley and Bosworth,2020-08-09,0.0,0.0,1.0,2.0,6.0,inferred
Hinckley and Bosworth,2020-08-10,0.0,0.0,1.0,2.0,6.0,inferred
Hinckley and Bosworth,2020-08-11,0.0,0.0,1.0,2.0,6.0,inferred
Hinckley and Bosworth,2020-08-12,0.0,0.0,1.0,2.0,6.0,inferred
Hinckley and Bosworth,2020-08-13,0.0,0.0,1.0,2.0,6.0,inferred
Hinckley and Bosworth,2020-08-14,0.0,0.0,1.0,2.0,6.0,inferred
Hinckley and Bosworth,2020-08-15,0.0,0.0,1.0,2.0,6.0,inferred
Hinckley and Bosworth,2020-08-16,0.0,0.0,1.0,2.0,6.0,inferred
Hinckley and Bosworth,2020-08-17,0.0,0.0,1.0,2.0,6.0,inferred
Hinckley and Bosworth,2020-08-18,0.0,0.0,1.0,2.0,6.0,inferred
Hinckley and Bosworth,2020-08-19,0.0,0.0,1.0,2.0,6.0,inferred
Hinckley and Bosworth,2020-08-20,0.0,0.0,1.0,2.0,5.0,inferred
Hinckley and Bosworth,2020-08-21,0.0,0.0,1.0,2.0,6.0,inferred
Hinckley and Bosworth,2020-08-22,0.0,0.0,1.0,2.0,6.0,inferred
Hinckley and Bosworth,2020-08-23,0.0,0.0,1.0,2.0,6.0,inferred
Hinckley and Bosworth,2020-08-24,0.0,0.0,1.0,2.0,6.0,inferred
Hinckley and Bosworth,2020-08-25,0.0,0.0,1.0,3.0,7.0,inferred
Hinckley and Bosworth,2020-08-26,0.0,0.0,1.0,3.0,7.0,inferred
Hinckley and Bosworth,2020-08-27,0.0,0.0,1.0,3.0,7.0,inferred
Hinckley and Bosworth,2020-08-28,0.0,0.0,1.0,3.0,7.0,inferred
Hinckley and Bosworth,2020-08-29,0.0,0.0,1.0,3.0,7.0,inferred
Hinckley and Bosworth,2020-08-30,0.0,0.0,1.0,3.0,7.0,inferred
Hinckley and Bosworth,2020-08-31,0.0,0.0,1.0,3.0,7.0,inferred
Hinckley and Bosworth,2020-09-01,0.0,0.0,1.0,3.0,7.0,inferred
Hinckley and Bosworth,2020-09-02,0.0,0.0,2.0,3.0,7.0,inferred
Hinckley and Bosworth,2020-09-03,0.0,1.0,2.0,3.0,8.0,inferred
Hinckley and Bosworth,2020-09-04,0.0,1.0,2.0,3.0,8.0,inferred
Hinckley and Bosworth,2020-09-05,0.0,1.0,2.0,4.0,8.0,inferred
Hinckley and Bosworth,2020-09-06,0.0,1.0,2.0,4.0,9.0,inferred
Hinckley and Bosworth,2020-09-07,0.0,1.0,3.0,5.0,10.0,inferred
Hinckley and Bosworth,2020-09-08,0.0,1.0,3.0,5.0,10.0,inferred
Hinckley and Bosworth,2020-09-09,0.0,2.0,3.0,5.0,11.0,inferred
Hinckley and Bosworth,2020-09-10,0.0,2.0,3.0,5.0,11.0,inferred
Hinckley and Bosworth,2020-09-11,0.0,2.0,3.0,5.0,11.0,inferred
Hinckley and Bosworth,2020-09-12,0.0,2.0,3.0,5.0,11.0,inferred
Hinckley and Bosworth,2020-09-13,0.0,1.0,3.0,5.0,10.0,inferred
Hinckley and Bosworth,2020-09-14,0.0,1.0,3.0,5.0,10.0,inferred
Hinckley and Bosworth,2020-09-15,0.0,1.0,3.0,5.0,10.0,inferred
Hinckley and Bosworth,2020-09-16,0.0,2.0,3.0,5.0,11.0,inferred
Hinckley and Bosworth,2020-09-17,0.0,2.0,4.0,6.0,11.0,inferred
Hinckley and Bosworth,2020-09-18,0.0,2.0,4.0,6.0,12.0,inferred
Hinckley and Bosworth,2020-09-19,0.0,3.0,4.0,7.0,13.0,inferred
Hinckley and Bosworth,2020-09-20,1.0,3.0,5.0,8.0,14.0,inferred
Hinckley and Bosworth,2020-09-21,1.0,4.0,6.0,9.0,15.0,inferred
Hinckley and Bosworth,2020-09-22,1.0,4.0,6.0,9.0,16.0,inferred
Hinckley and Bosworth,2020-09-23,1.0,4.0,7.0,10.0,17.0,inferred
Hinckley and Bosworth,2020-09-24,2.0,5.0,7.0,10.0,17.0,inferred
Hinckley and Bosworth,2020-09-25,2.0,5.0,8.0,11.0,18.0,inferred
Hinckley and Bosworth,2020-09-26,2.0,6.0,9.0,11.0,19.0,inferred
Hinckley and Bosworth,2020-09-27,3.0,6.0,9.0,12.0,19.0,inferred
Hinckley and Bosworth,2020-09-28,3.0,7.0,9.0,13.0,20.0,inferred
Hinckley and Bosworth,2020-09-29,3.0,7.0,10.0,14.0,21.0,inferred
Hinckley and Bosworth,2020-09-30,3.0,8.0,11.0,14.0,22.0,inferred
Hinckley and Bosworth,2020-10-01,4.0,8.0,12.0,15.0,24.0,inferred
Hinckley and Bosworth,2020-10-02,4.0,9.0,12.0,16.0,25.0,inferred
Hinckley and Bosworth,2020-10-03,5.0,10.0,13.0,17.0,26.0,inferred
Hinckley and Bosworth,2020-10-04,5.0,11.0,14.0,18.0,28.0,inferred
Hinckley and Bosworth,2020-10-05,6.0,11.0,15.0,19.0,28.0,inferred
Hinckley and Bosworth,2020-10-06,6.0,12.0,16.0,20.0,30.0,inferred
Hinckley and Bosworth,2020-10-07,7.0,12.0,16.0,20.0,30.0,inferred
Hinckley and Bosworth,2020-10-08,7.0,13.0,16.0,21.0,30.0,inferred
Hinckley and Bosworth,2020-10-09,7.0,13.0,17.0,21.0,30.0,inferred
Hinckley and Bosworth,2020-10-10,7.0,13.0,18.0,22.0,32.0,inferred
Hinckley and Bosworth,2020-10-11,8.0,14.0,18.0,22.0,32.0,inferred
Hinckley and Bosworth,2020-10-12,8.0,15.0,19.0,24.0,33.0,inferred
Hinckley and Bosworth,2020-10-13,8.0,15.0,19.0,23.0,33.0,inferred
Hinckley and Bosworth,2020-10-14,9.0,16.0,20.0,24.0,34.0,inferred
Hinckley and Bosworth,2020-10-15,9.0,16.0,20.0,25.0,35.0,inferred
Hinckley and Bosworth,2020-10-16,10.0,17.0,21.0,26.0,36.0,inferred
Hinckley and Bosworth,2020-10-17,10.0,17.0,22.0,27.0,37.0,inferred
Hinckley and Bosworth,2020-10-18,11.0,19.0,23.0,28.0,39.0,inferred
Hinckley and Bosworth,2020-10-19,12.0,20.0,24.0,29.0,41.0,inferred
Hinckley and Bosworth,2020-10-20,13.0,21.0,26.0,31.0,42.0,inferred
Hinckley and Bosworth,2020-10-21,13.0,21.0,26.0,32.0,44.0,inferred
Hinckley and Bosworth,2020-10-22,13.0,22.0,27.0,33.0,45.0,inferred
Hinckley and Bosworth,2020-10-23,14.0,23.0,28.0,33.0,47.0,inferred
Hinckley and Bosworth,2020-10-24,14.0,23.0,28.0,34.0,48.0,inferred
Hinckley and Bosworth,2020-10-25,15.0,24.0,29.0,35.0,49.0,inferred
Hinckley and Bosworth,2020-10-26,15.0,25.0,30.0,36.0,49.0,inferred
Hinckley and Bosworth,2020-10-27,16.0,25.0,31.0,37.0,50.0,inferred
Hinckley and Bosworth,2020-10-28,17.0,26.0,32.0,38.0,52.0,inferred
Hinckley and Bosworth,2020-10-29,16.0,26.0,32.0,39.0,53.0,inferred
Hinckley and Bosworth,2020-10-30,17.0,26.0,32.0,39.0,54.0,inferred
Hounslow,2020-08-01,0.0,3.0,5.0,7.0,13.0,inferred
Hounslow,2020-08-02,1.0,3.0,5.0,8.0,14.0,inferred
Hounslow,2020-08-03,1.0,3.0,5.0,8.0,13.0,inferred
Hounslow,2020-08-04,1.0,3.0,5.0,8.0,14.0,inferred
Hounslow,2020-08-05,1.0,3.0,5.0,7.0,13.0,inferred
Hounslow,2020-08-06,1.0,3.0,5.0,7.0,14.0,inferred
Hounslow,2020-08-07,1.0,3.0,5.0,8.0,14.0,inferred
Hounslow,2020-08-08,1.0,3.0,6.0,8.0,14.0,inferred
Hounslow,2020-08-09,1.0,4.0,6.0,8.0,15.0,inferred
Hounslow,2020-08-10,1.0,4.0,6.0,9.0,15.0,inferred
Hounslow,2020-08-11,1.0,4.0,6.0,9.0,16.0,inferred
Hounslow,2020-08-12,1.0,4.0,6.0,9.0,15.0,inferred
Hounslow,2020-08-13,1.0,4.0,6.0,8.0,15.0,inferred
Hounslow,2020-08-14,1.0,3.0,6.0,8.0,15.0,inferred
Hounslow,2020-08-15,1.0,3.0,5.0,8.0,14.0,inferred
Hounslow,2020-08-16,1.0,3.0,5.0,8.0,14.0,inferred
Hounslow,2020-08-17,1.0,3.0,5.0,8.0,14.0,inferred
Hounslow,2020-08-18,1.0,3.0,5.0,8.0,14.0,inferred
Hounslow,2020-08-19,1.0,3.0,5.0,8.0,14.0,inferred
Hounslow,2020-08-20,1.0,3.0,5.0,8.0,14.0,inferred
Hounslow,2020-08-21,0.0,3.0,5.0,8.0,14.0,inferred
Hounslow,2020-08-22,1.0,3.0,5.0,8.0,14.0,inferred
Hounslow,2020-08-23,0.0,3.0,5.0,7.0,14.0,inferred
Hounslow,2020-08-24,1.0,3.0,5.0,8.0,14.0,inferred
Hounslow,2020-08-25,1.0,3.0,5.0,8.0,14.0,inferred
Hounslow,2020-08-26,1.0,3.0,5.0,8.0,15.0,inferred
Hounslow,2020-08-27,1.0,3.0,6.0,8.0,15.0,inferred
Hounslow,2020-08-28,1.0,4.0,6.0,8.0,16.0,inferred
Hounslow,2020-08-29,1.0,4.0,7.0,10.0,16.0,inferred
Hounslow,2020-08-30,1.0,5.0,7.0,10.0,18.0,inferred
Hounslow,2020-08-31,2.0,5.0,8.0,11.0,19.0,inferred
Hounslow,2020-09-01,2.0,6.0,9.0,12.0,20.0,inferred
Hounslow,2020-09-02,3.0,7.0,10.0,13.0,21.0,inferred
Hounslow,2020-09-03,4.0,8.0,11.0,14.0,23.0,inferred
Hounslow,2020-09-04,4.0,9.0,12.0,15.0,24.0,inferred
Hounslow,2020-09-05,4.0,9.0,12.0,16.0,24.0,inferred
Hounslow,2020-09-06,4.0,9.0,13.0,16.0,25.0,inferred
Hounslow,2020-09-07,5.0,10.0,13.0,17.0,25.0,inferred
Hounslow,2020-09-08,5.0,10.0,13.0,17.0,26.0,inferred
Hounslow,2020-09-09,5.0,10.0,14.0,17.0,26.0,inferred
Hounslow,2020-09-10,5.0,10.0,13.0,17.0,26.0,inferred
Hounslow,2020-09-11,4.0,10.0,13.0,17.0,25.0,inferred
Hounslow,2020-09-12,4.0,9.0,13.0,17.0,25.0,inferred
Hounslow,2020-09-13,5.0,9.0,12.0,16.0,25.0,inferred
Hounslow,2020-09-14,4.0,9.0,12.0,16.0,25.0,inferred
Hounslow,2020-09-15,4.0,9.0,12.0,16.0,25.0,inferred
Hounslow,2020-09-16,4.0,9.0,12.0,16.0,25.0,inferred
Hounslow,2020-09-17,4.0,9.0,13.0,17.0,26.0,inferred
Hounslow,2020-09-18,5.0,10.0,14.0,18.0,27.0,inferred
Hounslow,2020-09-19,6.0,11.0,15.0,20.0,29.0,inferred
Hounslow,2020-09-20,7.0,12.0,16.0,21.0,30.0,inferred
Hounslow,2020-09-21,8.0,14.0,18.0,22.0,32.0,inferred
Hounslow,2020-09-22,8.0,15.0,19.0,23.0,33.0,inferred
Hounslow,2020-09-23,9.0,16.0,20.0,25.0,35.0,inferred
Hounslow,2020-09-24,10.0,17.0,21.0,26.0,36.0,inferred
Hounslow,2020-09-25,11.0,18.0,23.0,27.0,39.0,inferred
Hounslow,2020-09-26,12.0,19.0,24.0,29.0,40.0,inferred
Hounslow,2020-09-27,13.0,20.0,25.0,30.0,42.0,inferred
Hounslow,2020-09-28,13.0,21.0,26.0,32.0,43.0,inferred
Hounslow,2020-09-29,15.0,23.0,28.0,34.0,47.0,inferred
Hounslow,2020-09-30,16.0,25.0,30.0,36.0,49.0,inferred
Hounslow,2020-10-01,18.0,27.0,32.0,39.0,52.0,inferred
Hounslow,2020-10-02,20.0,29.0,34.0,40.0,55.0,inferred
Hounslow,2020-10-03,21.0,31.0,36.0,42.0,57.0,inferred
Hounslow,2020-10-04,22.0,32.0,38.0,45.0,59.0,inferred
Hounslow,2020-10-05,24.0,34.0,40.0,47.0,61.0,inferred
Hounslow,2020-10-06,24.0,35.0,41.0,48.0,64.0,inferred
Hounslow,2020-10-07,25.0,35.0,42.0,50.0,65.0,inferred
Hounslow,2020-10-08,25.0,36.0,43.0,51.0,68.0,inferred
Hounslow,2020-10-09,27.0,37.0,44.0,52.0,68.0,inferred
Hounslow,2020-10-10,26.0,38.0,45.0,53.0,68.0,inferred
Hounslow,2020-10-11,28.0,39.0,46.0,54.0,71.0,inferred
Hounslow,2020-10-12,29.0,41.0,48.0,56.0,73.0,inferred
Hounslow,2020-10-13,30.0,43.0,51.0,59.0,76.0,inferred
Hounslow,2020-10-14,32.0,46.0,53.0,62.0,79.0,inferred
Hounslow,2020-10-15,34.0,48.0,57.0,65.0,82.0,inferred
Hounslow,2020-10-16,37.0,50.0,58.0,67.0,85.0,inferred
Hounslow,2020-10-17,38.0,52.0,61.0,69.0,86.0,inferred
Hounslow,2020-10-18,41.0,54.0,63.0,72.0,90.0,inferred
Hounslow,2020-10-19,43.0,57.0,65.5,74.0,92.0,inferred
Hounslow,2020-10-20,44.0,59.0,68.0,78.0,97.0,inferred
Hounslow,2020-10-21,46.0,61.0,70.0,79.0,99.0,inferred
Hounslow,2020-10-22,47.0,62.0,71.0,80.0,100.0,inferred
Hounslow,2020-10-23,48.0,63.0,72.0,82.0,102.0,inferred
Hounslow,2020-10-24,47.0,64.0,74.0,84.0,106.0,inferred
Hounslow,2020-10-25,50.0,65.0,75.0,86.0,110.0,inferred
Hounslow,2020-10-26,51.0,67.0,76.0,87.0,112.0,inferred
Hounslow,2020-10-27,52.0,68.0,78.0,88.0,113.0,inferred
Hounslow,2020-10-28,53.0,70.0,80.0,91.0,119.0,inferred
Hounslow,2020-10-29,56.0,73.0,83.0,94.0,124.0,inferred
Hounslow,2020-10-30,60.0,76.0,86.0,98.2,135.0,inferred
Huntingdonshire,2020-08-01,0.0,0.0,1.0,3.0,6.0,inferred
Huntingdonshire,2020-08-02,0.0,0.0,1.0,3.0,6.0,inferred
Huntingdonshire,2020-08-03,0.0,0.0,1.0,2.0,6.0,inferred
Huntingdonshire,2020-08-04,0.0,0.0,1.0,2.0,6.0,inferred
Huntingdonshire,2020-08-05,0.0,0.0,1.0,3.0,7.0,inferred
Huntingdonshire,2020-08-06,0.0,0.0,1.0,3.0,7.0,inferred
Huntingdonshire,2020-08-07,0.0,0.0,1.0,3.0,7.0,inferred
Huntingdonshire,2020-08-08,0.0,0.0,1.0,3.0,7.0,inferred
Huntingdonshire,2020-08-09,0.0,0.0,1.0,3.0,7.0,inferred
Huntingdonshire,2020-08-10,0.0,0.0,1.0,3.0,7.0,inferred
Huntingdonshire,2020-08-11,0.0,0.0,1.0,3.0,7.0,inferred
Huntingdonshire,2020-08-12,0.0,0.0,1.0,3.0,7.0,inferred
Huntingdonshire,2020-08-13,0.0,1.0,1.0,3.0,7.0,inferred
Huntingdonshire,2020-08-14,0.0,0.0,2.0,3.0,7.0,inferred
Huntingdonshire,2020-08-15,0.0,0.0,2.0,3.0,7.0,inferred
Huntingdonshire,2020-08-16,0.0,0.0,1.0,3.0,7.0,inferred
Huntingdonshire,2020-08-17,0.0,0.0,1.0,3.0,7.0,inferred
Huntingdonshire,2020-08-18,0.0,0.0,1.0,3.0,7.0,inferred
Huntingdonshire,2020-08-19,0.0,0.0,1.0,3.0,7.0,inferred
Huntingdonshire,2020-08-20,0.0,0.0,1.0,3.0,7.0,inferred
Huntingdonshire,2020-08-21,0.0,0.0,1.0,3.0,6.0,inferred
Huntingdonshire,2020-08-22,0.0,0.0,1.0,2.0,6.0,inferred
Huntingdonshire,2020-08-23,0.0,0.0,1.0,3.0,7.0,inferred
Huntingdonshire,2020-08-24,0.0,0.0,1.0,2.0,7.0,inferred
Huntingdonshire,2020-08-25,0.0,0.0,1.0,2.0,6.0,inferred
Huntingdonshire,2020-08-26,0.0,0.0,1.0,2.0,6.0,inferred
Huntingdonshire,2020-08-27,0.0,0.0,1.0,3.0,7.0,inferred
Huntingdonshire,2020-08-28,0.0,0.0,1.0,3.0,7.0,inferred
Huntingdonshire,2020-08-29,0.0,0.0,1.0,2.0,7.0,inferred
Huntingdonshire,2020-08-30,0.0,0.0,1.0,2.0,6.0,inferred
Huntingdonshire,2020-08-31,0.0,0.0,1.0,2.2,6.0,inferred
Huntingdonshire,2020-09-01,0.0,0.0,1.0,3.0,7.0,inferred
Huntingdonshire,2020-09-02,0.0,0.0,1.0,3.0,7.0,inferred
Huntingdonshire,2020-09-03,0.0,0.0,1.0,3.0,7.0,inferred
Huntingdonshire,2020-09-04,0.0,1.0,2.0,3.0,7.0,inferred
Huntingdonshire,2020-09-05,0.0,1.0,2.0,3.0,7.0,inferred
Huntingdonshire,2020-09-06,0.0,1.0,2.0,3.0,8.0,inferred
Huntingdonshire,2020-09-07,0.0,1.0,2.0,4.0,8.0,inferred
Huntingdonshire,2020-09-08,0.0,1.0,2.0,4.0,9.0,inferred
Huntingdonshire,2020-09-09,0.0,1.0,2.0,4.0,9.0,inferred
Huntingdonshire,2020-09-10,0.0,1.0,2.0,4.0,9.0,inferred
Huntingdonshire,2020-09-11,0.0,1.0,2.0,4.0,9.0,inferred
Huntingdonshire,2020-09-12,0.0,1.0,2.0,4.0,9.0,inferred
Huntingdonshire,2020-09-13,0.0,1.0,2.0,4.0,9.0,inferred
Huntingdonshire,2020-09-14,0.0,1.0,2.0,4.0,8.0,inferred
Huntingdonshire,2020-09-15,0.0,1.0,2.0,4.0,9.0,inferred
Huntingdonshire,2020-09-16,0.0,1.0,2.0,4.0,9.0,inferred
Huntingdonshire,2020-09-17,0.0,1.0,3.0,5.0,10.0,inferred
Huntingdonshire,2020-09-18,0.0,2.0,3.0,5.0,11.0,inferred
Huntingdonshire,2020-09-19,0.0,2.0,4.0,6.0,12.0,inferred
Huntingdonshire,2020-09-20,0.0,2.0,4.0,6.0,12.0,inferred
Huntingdonshire,2020-09-21,0.0,3.0,4.0,7.0,13.0,inferred
Huntingdonshire,2020-09-22,0.0,3.0,5.0,7.0,14.0,inferred
Huntingdonshire,2020-09-23,0.0,3.0,5.0,8.0,14.0,inferred
Huntingdonshire,2020-09-24,1.0,4.0,6.0,8.0,15.0,inferred
Huntingdonshire,2020-09-25,1.0,4.0,6.0,9.0,16.0,inferred
Huntingdonshire,2020-09-26,2.0,5.0,7.0,10.0,17.0,inferred
Huntingdonshire,2020-09-27,2.0,6.0,8.0,11.0,18.0,inferred
Huntingdonshire,2020-09-28,2.0,6.0,9.0,12.0,20.0,inferred
Huntingdonshire,2020-09-29,2.0,6.0,9.0,13.0,20.0,inferred
Huntingdonshire,2020-09-30,3.0,7.0,10.0,13.0,22.0,inferred
Huntingdonshire,2020-10-01,3.0,7.0,10.0,14.0,22.0,inferred
Huntingdonshire,2020-10-02,3.0,7.0,10.0,14.0,23.0,inferred
Huntingdonshire,2020-10-03,3.0,8.0,11.0,15.0,23.0,inferred
Huntingdonshire,2020-10-04,3.0,8.0,11.0,15.0,24.0,inferred
Huntingdonshire,2020-10-05,4.0,9.0,12.0,16.0,24.0,inferred
Huntingdonshire,2020-10-06,5.0,10.0,13.0,17.0,25.0,inferred
Huntingdonshire,2020-10-07,5.0,10.0,14.0,18.0,26.0,inferred
Huntingdonshire,2020-10-08,5.0,10.0,14.0,18.0,27.0,inferred
Huntingdonshire,2020-10-09,5.0,10.0,14.0,18.0,27.0,inferred
Huntingdonshire,2020-10-10,5.0,10.0,13.0,18.0,26.0,inferred
Huntingdonshire,2020-10-11,5.0,10.0,14.0,17.0,26.0,inferred
Huntingdonshire,2020-10-12,5.0,10.0,14.0,17.2,26.0,inferred
Huntingdonshire,2020-10-13,5.0,10.0,14.0,18.0,27.0,inferred
Huntingdonshire,2020-10-14,5.0,10.0,14.0,19.0,29.0,inferred
Huntingdonshire,2020-10-15,5.0,10.0,14.0,18.0,28.0,inferred
Huntingdonshire,2020-10-16,5.0,10.0,14.0,18.0,29.0,inferred
Huntingdonshire,2020-10-17,5.0,10.0,14.0,19.0,29.0,inferred
Huntingdonshire,2020-10-18,5.0,11.0,15.0,19.0,29.0,inferred
Huntingdonshire,2020-10-19,5.0,11.0,15.0,19.0,29.0,inferred
Huntingdonshire,2020-10-20,5.0,11.0,15.0,19.0,30.0,inferred
Huntingdonshire,2020-10-21,5.0,11.0,14.0,18.0,29.0,inferred
Huntingdonshire,2020-10-22,5.0,10.0,14.0,18.0,28.0,inferred
Huntingdonshire,2020-10-23,4.0,9.0,13.0,17.0,27.0,inferred
Huntingdonshire,2020-10-24,4.0,9.0,13.0,17.0,26.0,inferred
Huntingdonshire,2020-10-25,4.0,9.0,13.0,17.0,26.0,inferred
Huntingdonshire,2020-10-26,4.0,10.0,13.0,17.0,28.0,inferred
Huntingdonshire,2020-10-27,5.0,11.0,14.0,19.0,29.0,inferred
Huntingdonshire,2020-10-28,6.0,11.0,15.0,19.0,28.0,inferred
Huntingdonshire,2020-10-29,6.0,11.0,15.0,19.0,30.0,inferred
Huntingdonshire,2020-10-30,6.0,12.0,15.0,20.0,32.0,inferred
Islington,2020-08-01,0.0,0.0,1.0,2.0,6.0,inferred
Islington,2020-08-02,0.0,0.0,1.0,2.0,6.0,inferred
Islington,2020-08-03,0.0,0.0,1.0,3.0,7.0,inferred
Islington,2020-08-04,0.0,1.0,2.0,3.0,7.0,inferred
Islington,2020-08-05,0.0,1.0,2.0,3.0,8.0,inferred
Islington,2020-08-06,0.0,1.0,2.0,4.0,8.0,inferred
Islington,2020-08-07,0.0,1.0,2.0,4.0,8.0,inferred
Islington,2020-08-08,0.0,1.0,2.0,3.0,8.0,inferred
Islington,2020-08-09,0.0,1.0,2.0,3.0,8.0,inferred
Islington,2020-08-10,0.0,1.0,2.0,3.0,7.0,inferred
Islington,2020-08-11,0.0,1.0,2.0,3.0,7.0,inferred
Islington,2020-08-12,0.0,0.0,1.0,3.0,7.0,inferred
Islington,2020-08-13,0.0,0.0,2.0,3.0,8.0,inferred
Islington,2020-08-14,0.0,1.0,2.0,3.0,8.0,inferred
Islington,2020-08-15,0.0,1.0,2.0,3.0,8.0,inferred
Islington,2020-08-16,0.0,1.0,2.0,3.0,8.0,inferred
Islington,2020-08-17,0.0,1.0,2.0,4.0,8.0,inferred
Islington,2020-08-18,0.0,1.0,2.0,4.0,9.0,inferred
Islington,2020-08-19,0.0,1.0,2.0,4.0,9.0,inferred
Islington,2020-08-20,0.0,1.0,3.0,4.0,9.0,inferred
Islington,2020-08-21,0.0,1.0,3.0,5.0,10.0,inferred
Islington,2020-08-22,0.0,1.0,3.0,5.0,11.0,inferred
Islington,2020-08-23,0.0,1.0,3.0,5.0,11.0,inferred
Islington,2020-08-24,0.0,2.0,3.0,5.0,10.0,inferred
Islington,2020-08-25,0.0,2.0,3.0,5.0,11.0,inferred
Islington,2020-08-26,0.0,2.0,3.0,6.0,11.0,inferred
Islington,2020-08-27,0.0,2.0,4.0,6.0,11.0,inferred
Islington,2020-08-28,0.0,2.0,4.0,6.0,12.0,inferred
Islington,2020-08-29,0.0,2.0,4.0,6.0,12.0,inferred
Islington,2020-08-30,0.0,2.0,4.0,7.0,12.0,inferred
Islington,2020-08-31,0.0,3.0,5.0,7.0,13.0,inferred
Islington,2020-09-01,1.0,3.0,5.0,8.0,14.0,inferred
Islington,2020-09-02,1.0,4.0,6.0,8.0,14.0,inferred
Islington,2020-09-03,1.0,4.0,6.0,9.0,15.0,inferred
Islington,2020-09-04,1.0,4.0,7.0,10.0,16.0,inferred
Islington,2020-09-05,1.0,5.0,7.0,10.0,17.0,inferred
Islington,2020-09-06,2.0,5.0,7.0,10.2,17.0,inferred
Islington,2020-09-07,1.0,5.0,7.0,10.0,17.0,inferred
Islington,2020-09-08,2.0,5.0,7.0,10.0,18.0,inferred
Islington,2020-09-09,1.0,5.0,7.0,10.0,17.0,inferred
Islington,2020-09-10,1.0,4.0,7.0,9.0,17.0,inferred
Islington,2020-09-11,1.0,4.0,6.0,9.0,16.0,inferred
Islington,2020-09-12,1.0,4.0,6.0,9.0,17.0,inferred
Islington,2020-09-13,1.0,4.0,6.0,9.0,16.0,inferred
Islington,2020-09-14,1.0,4.0,7.0,10.0,17.0,inferred
Islington,2020-09-15,2.0,5.0,7.0,10.0,17.0,inferred
Islington,2020-09-16,2.0,6.0,8.0,11.0,19.0,inferred
Islington,2020-09-17,2.0,6.0,9.0,12.0,20.0,inferred
Islington,2020-09-18,3.0,6.0,9.0,13.0,21.0,inferred
Islington,2020-09-19,3.0,7.0,10.0,13.0,21.0,inferred
Islington,2020-09-20,3.0,8.0,11.0,14.0,22.0,inferred
Islington,2020-09-21,4.0,8.0,12.0,15.0,24.0,inferred
Islington,2020-09-22,4.0,9.0,13.0,16.0,25.0,inferred
Islington,2020-09-23,5.0,10.0,13.0,17.0,26.0,inferred
Islington,2020-09-24,5.0,11.0,14.0,18.0,28.0,inferred
Islington,2020-09-25,6.0,11.0,15.0,19.0,29.0,inferred
Islington,2020-09-26,6.0,13.0,16.0,20.2,31.0,inferred
Islington,2020-09-27,8.0,14.0,18.0,22.0,32.0,inferred
Islington,2020-09-28,9.0,15.0,19.0,24.0,35.0,inferred
Islington,2020-09-29,10.0,17.0,21.0,26.0,39.0,inferred
Islington,2020-09-30,12.0,19.0,23.0,29.0,40.0,inferred
Islington,2020-10-01,12.0,20.0,25.0,31.0,42.0,inferred
Islington,2020-10-02,13.0,21.0,26.0,32.0,44.0,inferred
Islington,2020-10-03,14.0,22.0,27.0,33.0,45.0,inferred
Islington,2020-10-04,15.0,23.0,29.0,34.0,46.0,inferred
Islington,2020-10-05,16.0,24.0,29.0,35.0,47.0,inferred
Islington,2020-10-06,17.0,25.0,31.0,37.0,48.0,inferred
Islington,2020-10-07,18.0,26.0,31.0,37.0,49.0,inferred
Islington,2020-10-08,18.0,27.0,32.0,38.0,50.0,inferred
Islington,2020-10-09,18.0,27.0,33.0,39.0,51.0,inferred
Islington,2020-10-10,19.0,28.0,34.0,40.0,53.0,inferred
Islington,2020-10-11,21.0,30.0,36.0,42.0,56.0,inferred
Islington,2020-10-12,22.0,32.0,38.0,44.0,57.0,inferred
Islington,2020-10-13,25.0,34.0,40.0,47.0,61.0,inferred
Islington,2020-10-14,25.0,36.0,42.0,49.0,62.0,inferred
Islington,2020-10-15,26.0,37.0,43.0,50.0,64.0,inferred
Islington,2020-10-16,27.0,38.0,44.0,51.0,65.0,inferred
Islington,2020-10-17,27.0,38.0,44.0,51.0,65.0,inferred
Islington,2020-10-18,27.0,39.0,45.0,52.0,66.0,inferred
Islington,2020-10-19,28.0,40.0,46.0,54.0,70.0,inferred
Islington,2020-10-20,29.0,41.0,48.0,56.0,70.0,inferred
Islington,2020-10-21,30.0,43.0,50.0,57.0,73.0,inferred
Islington,2020-10-22,30.0,42.0,49.0,57.0,73.0,inferred
Islington,2020-10-23,30.0,41.0,48.0,56.0,72.0,inferred
Islington,2020-10-24,30.0,41.0,47.0,54.0,69.0,inferred
Islington,2020-10-25,29.0,40.0,46.0,53.0,68.0,inferred
Islington,2020-10-26,28.0,39.0,46.0,53.0,69.0,inferred
Islington,2020-10-27,28.0,39.0,45.0,53.0,69.0,inferred
Islington,2020-10-28,27.0,39.0,46.0,53.0,70.0,inferred
Islington,2020-10-29,26.0,38.0,45.0,53.0,70.0,inferred
Islington,2020-10-30,26.0,37.0,45.0,53.0,70.0,inferred
Kensington and Chelsea,2020-08-01,0.0,0.0,1.0,2.0,6.0,inferred
Kensington and Chelsea,2020-08-02,0.0,0.0,1.0,2.0,6.0,inferred
Kensington and Chelsea,2020-08-03,0.0,0.0,1.0,2.0,6.0,inferred
Kensington and Chelsea,2020-08-04,0.0,0.0,1.0,2.0,6.0,inferred
Kensington and Chelsea,2020-08-05,0.0,0.0,1.0,2.0,6.0,inferred
Kensington and Chelsea,2020-08-06,0.0,0.0,1.0,3.0,6.0,inferred
Kensington and Chelsea,2020-08-07,0.0,0.0,1.0,3.0,7.0,inferred
Kensington and Chelsea,2020-08-08,0.0,1.0,2.0,3.0,8.0,inferred
Kensington and Chelsea,2020-08-09,0.0,1.0,2.0,4.0,9.0,inferred
Kensington and Chelsea,2020-08-10,0.0,1.0,2.0,4.0,9.0,inferred
Kensington and Chelsea,2020-08-11,0.0,1.0,3.0,4.0,9.0,inferred
Kensington and Chelsea,2020-08-12,0.0,1.0,3.0,4.0,10.0,inferred
Kensington and Chelsea,2020-08-13,0.0,1.0,3.0,5.0,9.0,inferred
Kensington and Chelsea,2020-08-14,0.0,1.0,3.0,5.0,10.0,inferred
Kensington and Chelsea,2020-08-15,0.0,1.0,3.0,5.0,10.0,inferred
Kensington and Chelsea,2020-08-16,0.0,1.0,3.0,4.2,10.0,inferred
Kensington and Chelsea,2020-08-17,0.0,1.0,3.0,5.0,10.0,inferred
Kensington and Chelsea,2020-08-18,0.0,2.0,3.0,5.0,10.0,inferred
Kensington and Chelsea,2020-08-19,0.0,2.0,3.0,5.0,11.0,inferred
Kensington and Chelsea,2020-08-20,0.0,2.0,4.0,6.0,11.0,inferred
Kensington and Chelsea,2020-08-21,0.0,2.0,4.0,6.0,11.0,inferred
Kensington and Chelsea,2020-08-22,0.0,2.0,4.0,6.0,12.0,inferred
Kensington and Chelsea,2020-08-23,0.0,3.0,4.0,7.0,12.0,inferred
Kensington and Chelsea,2020-08-24,0.0,3.0,5.0,7.0,13.0,inferred
Kensington and Chelsea,2020-08-25,1.0,3.0,5.0,7.0,13.0,inferred
Kensington and Chelsea,2020-08-26,0.0,3.0,5.0,8.0,14.0,inferred
Kensington and Chelsea,2020-08-27,1.0,3.0,5.0,8.0,14.0,inferred
Kensington and Chelsea,2020-08-28,1.0,3.0,5.0,8.0,15.0,inferred
Kensington and Chelsea,2020-08-29,1.0,4.0,6.0,8.0,16.0,inferred
Kensington and Chelsea,2020-08-30,1.0,4.0,6.0,9.0,15.0,inferred
Kensington and Chelsea,2020-08-31,1.0,4.0,6.0,9.0,15.0,inferred
Kensington and Chelsea,2020-09-01,1.0,4.0,6.0,9.0,16.0,inferred
Kensington and Chelsea,2020-09-02,1.0,4.0,7.0,9.0,16.0,inferred
Kensington and Chelsea,2020-09-03,1.0,4.0,6.0,9.0,16.0,inferred
Kensington and Chelsea,2020-09-04,1.0,4.0,6.0,9.0,15.0,inferred
Kensington and Chelsea,2020-09-05,1.0,4.0,6.0,9.0,15.0,inferred
Kensington and Chelsea,2020-09-06,1.0,3.0,6.0,8.0,14.0,inferred
Kensington and Chelsea,2020-09-07,1.0,3.0,5.0,8.0,14.0,inferred
Kensington and Chelsea,2020-09-08,1.0,3.0,5.0,8.0,14.0,inferred
Kensington and Chelsea,2020-09-09,0.0,3.0,5.0,8.0,14.0,inferred
Kensington and Chelsea,2020-09-10,1.0,3.0,5.0,8.0,15.0,inferred
Kensington and Chelsea,2020-09-11,1.0,3.0,5.0,8.0,14.0,inferred
Kensington and Chelsea,2020-09-12,1.0,3.0,5.0,8.0,13.0,inferred
Kensington and Chelsea,2020-09-13,0.0,3.0,5.0,7.0,13.0,inferred
Kensington and Chelsea,2020-09-14,0.0,3.0,5.0,7.0,12.0,inferred
Kensington and Chelsea,2020-09-15,0.0,3.0,5.0,7.0,12.0,inferred
Kensington and Chelsea,2020-09-16,0.0,3.0,4.0,7.0,13.0,inferred
Kensington and Chelsea,2020-09-17,0.0,3.0,5.0,7.0,13.0,inferred
Kensington and Chelsea,2020-09-18,0.0,3.0,5.0,7.0,13.0,inferred
Kensington and Chelsea,2020-09-19,1.0,3.0,5.0,8.0,14.0,inferred
Kensington and Chelsea,2020-09-20,1.0,3.0,6.0,8.0,15.0,inferred
Kensington and Chelsea,2020-09-21,1.0,4.0,6.0,8.0,15.0,inferred
Kensington and Chelsea,2020-09-22,1.0,4.0,6.0,9.0,16.0,inferred
Kensington and Chelsea,2020-09-23,1.0,4.0,6.0,9.0,16.0,inferred
Kensington and Chelsea,2020-09-24,1.0,4.0,7.0,10.0,17.0,inferred
Kensington and Chelsea,2020-09-25,2.0,5.0,8.0,11.0,18.0,inferred
Kensington and Chelsea,2020-09-26,2.0,6.0,9.0,12.0,20.0,inferred
Kensington and Chelsea,2020-09-27,3.0,7.0,10.0,14.0,22.0,inferred
Kensington and Chelsea,2020-09-28,4.0,8.0,12.0,15.0,24.0,inferred
Kensington and Chelsea,2020-09-29,5.0,10.0,13.0,17.0,26.0,inferred
Kensington and Chelsea,2020-09-30,6.0,12.0,15.0,19.0,29.0,inferred
Kensington and Chelsea,2020-10-01,7.0,13.0,17.0,22.0,31.0,inferred
Kensington and Chelsea,2020-10-02,8.0,14.0,18.0,23.0,33.0,inferred
Kensington and Chelsea,2020-10-03,9.0,15.0,19.0,24.0,34.0,inferred
Kensington and Chelsea,2020-10-04,9.0,16.0,20.0,25.0,35.0,inferred
Kensington and Chelsea,2020-10-05,10.0,16.0,21.0,26.0,35.0,inferred
Kensington and Chelsea,2020-10-06,10.0,17.0,21.0,26.0,36.0,inferred
Kensington and Chelsea,2020-10-07,11.0,17.0,22.0,26.0,37.0,inferred
Kensington and Chelsea,2020-10-08,10.0,18.0,22.0,27.0,38.0,inferred
Kensington and Chelsea,2020-10-09,11.0,18.0,23.0,28.0,38.0,inferred
Kensington and Chelsea,2020-10-10,11.0,19.0,23.0,28.0,40.0,inferred
Kensington and Chelsea,2020-10-11,11.0,19.0,24.0,30.0,42.0,inferred
Kensington and Chelsea,2020-10-12,12.0,20.0,25.0,31.0,44.0,inferred
Kensington and Chelsea,2020-10-13,13.0,21.0,26.0,32.0,45.0,inferred
Kensington and Chelsea,2020-10-14,14.0,22.0,27.0,33.0,46.0,inferred
Kensington and Chelsea,2020-10-15,15.0,23.0,28.0,34.0,45.0,inferred
Kensington and Chelsea,2020-10-16,16.0,25.0,30.0,35.0,48.0,inferred
Kensington and Chelsea,2020-10-17,16.0,25.0,30.0,36.0,48.0,inferred
Kensington and Chelsea,2020-10-18,17.0,26.0,31.0,38.0,50.0,inferred
Kensington and Chelsea,2020-10-19,17.0,27.0,33.0,38.0,50.0,inferred
Kensington and Chelsea,2020-10-20,18.0,27.0,32.0,38.0,51.0,inferred
Kensington and Chelsea,2020-10-21,18.0,27.0,32.0,38.0,50.0,inferred
Kensington and Chelsea,2020-10-22,17.0,26.0,31.0,37.0,49.0,inferred
Kensington and Chelsea,2020-10-23,16.0,24.0,30.0,35.0,48.0,inferred
Kensington and Chelsea,2020-10-24,15.0,24.0,29.0,35.0,48.0,inferred
Kensington and Chelsea,2020-10-25,15.0,24.0,29.0,35.0,50.0,inferred
Kensington and Chelsea,2020-10-26,15.0,24.0,30.0,36.0,49.0,inferred
Kensington and Chelsea,2020-10-27,16.0,25.0,30.0,36.0,48.0,inferred
Kensington and Chelsea,2020-10-28,17.0,26.0,31.0,38.0,50.0,inferred
Kensington and Chelsea,2020-10-29,17.0,27.0,32.0,38.0,52.0,inferred
Kensington and Chelsea,2020-10-30,17.0,27.0,33.0,40.0,53.0,inferred
Kettering,2020-08-01,0.0,0.0,0.0,1.0,5.0,inferred
Kettering,2020-08-02,0.0,0.0,1.0,2.0,5.0,inferred
Kettering,2020-08-03,0.0,0.0,1.0,2.0,6.0,inferred
Kettering,2020-08-04,0.0,0.0,1.0,2.0,6.0,inferred
Kettering,2020-08-05,0.0,0.0,1.0,3.0,6.0,inferred
Kettering,2020-08-06,0.0,0.0,1.0,3.0,6.0,inferred
Kettering,2020-08-07,0.0,0.0,1.0,3.0,7.0,inferred
Kettering,2020-08-08,0.0,0.0,1.0,3.0,7.0,inferred
Kettering,2020-08-09,0.0,0.0,1.0,3.0,7.0,inferred
Kettering,2020-08-10,0.0,1.0,2.0,3.0,8.0,inferred
Kettering,2020-08-11,0.0,1.0,2.0,3.0,8.0,inferred
Kettering,2020-08-12,0.0,1.0,2.0,4.0,8.0,inferred
Kettering,2020-08-13,0.0,1.0,2.0,4.0,8.0,inferred
Kettering,2020-08-14,0.0,1.0,2.0,4.0,8.0,inferred
Kettering,2020-08-15,0.0,1.0,2.0,4.0,8.0,inferred
Kettering,2020-08-16,0.0,1.0,2.0,4.0,8.0,inferred
Kettering,2020-08-17,0.0,1.0,3.0,4.0,10.0,inferred
Kettering,2020-08-18,0.0,1.0,3.0,5.0,10.0,inferred
Kettering,2020-08-19,0.0,2.0,3.0,5.0,11.0,inferred
Kettering,2020-08-20,0.0,2.0,3.0,5.0,10.0,inferred
Kettering,2020-08-21,0.0,2.0,3.0,5.0,11.0,inferred
Kettering,2020-08-22,0.0,2.0,4.0,6.0,11.0,inferred
Kettering,2020-08-23,0.0,2.0,4.0,6.0,12.0,inferred
Kettering,2020-08-24,0.0,2.0,4.0,6.0,12.0,inferred
Kettering,2020-08-25,0.0,2.0,4.0,6.0,12.0,inferred
Kettering,2020-08-26,0.0,2.0,4.0,6.0,11.0,inferred
Kettering,2020-08-27,0.0,2.0,3.0,6.0,11.0,inferred
Kettering,2020-08-28,0.0,2.0,3.0,5.0,10.0,inferred
Kettering,2020-08-29,0.0,2.0,3.0,5.0,10.0,inferred
Kettering,2020-08-30,0.0,1.0,3.0,5.0,10.0,inferred
Kettering,2020-08-31,0.0,1.0,3.0,5.0,10.0,inferred
Kettering,2020-09-01,0.0,2.0,3.0,5.0,10.0,inferred
Kettering,2020-09-02,0.0,2.0,4.0,6.0,11.0,inferred
Kettering,2020-09-03,0.0,2.0,4.0,6.0,12.0,inferred
Kettering,2020-09-04,0.0,2.0,4.0,7.0,12.0,inferred
Kettering,2020-09-05,0.0,3.0,5.0,7.0,13.0,inferred
Kettering,2020-09-06,0.0,3.0,5.0,7.0,13.0,inferred
Kettering,2020-09-07,0.0,3.0,5.0,7.0,13.0,inferred
Kettering,2020-09-08,0.0,3.0,5.0,7.0,14.0,inferred
Kettering,2020-09-09,0.0,3.0,5.0,7.0,14.0,inferred
Kettering,2020-09-10,0.0,3.0,4.0,7.0,13.0,inferred
Kettering,2020-09-11,0.0,2.0,4.0,6.0,12.0,inferred
Kettering,2020-09-12,0.0,2.0,4.0,6.0,12.0,inferred
Kettering,2020-09-13,0.0,2.0,4.0,6.0,11.0,inferred
Kettering,2020-09-14,0.0,2.0,4.0,6.0,11.0,inferred
Kettering,2020-09-15,0.0,2.0,3.0,5.0,11.0,inferred
Kettering,2020-09-16,0.0,2.0,3.0,5.0,11.0,inferred
Kettering,2020-09-17,0.0,2.0,3.0,5.0,10.0,inferred
Kettering,2020-09-18,0.0,1.0,3.0,5.0,10.0,inferred
Kettering,2020-09-19,0.0,2.0,3.0,5.0,11.0,inferred
Kettering,2020-09-20,0.0,2.0,3.0,6.0,11.0,inferred
Kettering,2020-09-21,0.0,2.0,4.0,6.0,11.0,inferred
Kettering,2020-09-22,0.0,2.0,4.0,6.0,12.0,inferred
Kettering,2020-09-23,0.0,2.0,4.0,6.0,12.0,inferred
Kettering,2020-09-24,0.0,2.0,4.0,6.0,12.0,inferred
Kettering,2020-09-25,0.0,2.0,4.0,6.0,12.0,inferred
Kettering,2020-09-26,0.0,2.0,4.0,6.0,12.0,inferred
Kettering,2020-09-27,0.0,3.0,5.0,7.0,13.0,inferred
Kettering,2020-09-28,0.0,3.0,5.0,8.0,14.0,inferred
Kettering,2020-09-29,1.0,4.0,6.0,9.0,16.0,inferred
Kettering,2020-09-30,1.0,5.0,7.0,10.0,18.0,inferred
Kettering,2020-10-01,2.0,6.0,8.0,12.0,19.0,inferred
Kettering,2020-10-02,3.0,6.0,9.0,12.0,19.0,inferred
Kettering,2020-10-03,3.0,7.0,9.0,13.0,20.0,inferred
Kettering,2020-10-04,2.0,7.0,10.0,13.0,21.0,inferred
Kettering,2020-10-05,3.0,7.0,10.0,13.0,21.0,inferred
Kettering,2020-10-06,3.0,7.0,10.0,13.0,22.0,inferred
Kettering,2020-10-07,3.0,8.0,10.0,14.0,22.0,inferred
Kettering,2020-10-08,3.0,8.0,11.0,14.0,23.0,inferred
Kettering,2020-10-09,4.0,8.0,11.0,15.0,23.0,inferred
Kettering,2020-10-10,4.0,9.0,12.0,15.0,23.0,inferred
Kettering,2020-10-11,4.0,9.0,12.0,16.0,24.0,inferred
Kettering,2020-10-12,4.0,9.0,13.0,16.0,25.0,inferred
Kettering,2020-10-13,5.0,10.0,13.0,17.0,25.0,inferred
Kettering,2020-10-14,5.0,10.0,13.0,17.0,25.0,inferred
Kettering,2020-10-15,5.0,10.0,14.0,18.0,26.0,inferred
Kettering,2020-10-16,5.0,10.0,14.0,18.0,28.0,inferred
Kettering,2020-10-17,5.0,10.0,14.0,18.0,29.0,inferred
Kettering,2020-10-18,5.0,10.0,14.0,18.0,28.0,inferred
Kettering,2020-10-19,5.0,10.0,14.0,18.0,28.0,inferred
Kettering,2020-10-20,5.0,10.0,14.0,18.0,28.0,inferred
Kettering,2020-10-21,5.0,10.0,14.0,18.0,27.0,inferred
Kettering,2020-10-22,5.0,10.0,14.0,17.0,26.0,inferred
Kettering,2020-10-23,5.0,10.0,13.0,17.0,26.0,inferred
Kettering,2020-10-24,4.0,10.0,13.0,17.0,25.0,inferred
Kettering,2020-10-25,4.0,9.0,13.0,17.0,25.0,inferred
Kettering,2020-10-26,4.0,9.0,12.0,16.0,24.0,inferred
Kettering,2020-10-27,4.0,9.0,12.0,16.0,24.0,inferred
Kettering,2020-10-28,4.0,8.0,11.0,15.0,23.0,inferred
Kettering,2020-10-29,4.0,8.0,11.0,15.0,23.0,inferred
Kettering,2020-10-30,3.0,8.0,12.0,15.0,24.0,inferred
Kingston upon Thames,2020-08-01,0.0,0.0,0.0,1.0,5.0,inferred
Kingston upon Thames,2020-08-02,0.0,0.0,1.0,2.0,5.0,inferred
Kingston upon Thames,2020-08-03,0.0,0.0,1.0,2.0,6.0,inferred
Kingston upon Thames,2020-08-04,0.0,0.0,1.0,2.0,6.0,inferred
Kingston upon Thames,2020-08-05,0.0,0.0,1.0,3.0,6.0,inferred
Kingston upon Thames,2020-08-06,0.0,0.0,1.0,3.0,7.0,inferred
Kingston upon Thames,2020-08-07,0.0,1.0,2.0,3.0,7.0,inferred
Kingston upon Thames,2020-08-08,0.0,1.0,2.0,3.0,8.0,inferred
Kingston upon Thames,2020-08-09,0.0,1.0,2.0,4.0,8.0,inferred
Kingston upon Thames,2020-08-10,0.0,1.0,2.0,4.0,8.0,inferred
Kingston upon Thames,2020-08-11,0.0,1.0,2.0,4.0,9.0,inferred
Kingston upon Thames,2020-08-12,0.0,1.0,2.0,4.0,9.0,inferred
Kingston upon Thames,2020-08-13,0.0,1.0,2.0,4.0,9.0,inferred
Kingston upon Thames,2020-08-14,0.0,1.0,2.0,4.0,9.0,inferred
Kingston upon Thames,2020-08-15,0.0,1.0,3.0,4.0,9.0,inferred
Kingston upon Thames,2020-08-16,0.0,1.0,2.0,4.0,10.0,inferred
Kingston upon Thames,2020-08-17,0.0,1.0,2.0,4.0,9.0,inferred
Kingston upon Thames,2020-08-18,0.0,1.0,2.0,4.0,9.0,inferred
Kingston upon Thames,2020-08-19,0.0,1.0,2.0,4.0,9.0,inferred
Kingston upon Thames,2020-08-20,0.0,1.0,2.0,4.0,9.0,inferred
Kingston upon Thames,2020-08-21,0.0,1.0,2.0,4.0,9.0,inferred
Kingston upon Thames,2020-08-22,0.0,1.0,2.0,4.0,9.0,inferred
Kingston upon Thames,2020-08-23,0.0,1.0,2.0,4.0,9.0,inferred
Kingston upon Thames,2020-08-24,0.0,1.0,2.0,4.0,9.0,inferred
Kingston upon Thames,2020-08-25,0.0,1.0,2.0,4.0,9.0,inferred
Kingston upon Thames,2020-08-26,0.0,1.0,2.0,4.0,9.0,inferred
Kingston upon Thames,2020-08-27,0.0,1.0,3.0,4.0,9.0,inferred
Kingston upon Thames,2020-08-28,0.0,1.0,3.0,5.0,10.0,inferred
Kingston upon Thames,2020-08-29,0.0,2.0,3.0,5.0,11.0,inferred
Kingston upon Thames,2020-08-30,0.0,2.0,3.0,5.0,11.0,inferred
Kingston upon Thames,2020-08-31,0.0,2.0,3.0,5.0,11.0,inferred
Kingston upon Thames,2020-09-01,0.0,2.0,3.0,5.0,11.0,inferred
Kingston upon Thames,2020-09-02,0.0,2.0,3.0,6.0,12.0,inferred
Kingston upon Thames,2020-09-03,0.0,2.0,4.0,6.0,11.0,inferred
Kingston upon Thames,2020-09-04,0.0,2.0,4.0,6.0,11.0,inferred
Kingston upon Thames,2020-09-05,0.0,2.0,4.0,6.0,11.0,inferred
Kingston upon Thames,2020-09-06,0.0,2.0,4.0,6.0,12.0,inferred
Kingston upon Thames,2020-09-07,0.0,2.0,4.0,6.0,12.0,inferred
Kingston upon Thames,2020-09-08,0.0,2.0,4.0,6.0,12.0,inferred
Kingston upon Thames,2020-09-09,0.0,2.0,4.0,6.0,12.0,inferred
Kingston upon Thames,2020-09-10,0.0,2.0,4.0,6.0,12.0,inferred
Kingston upon Thames,2020-09-11,0.0,3.0,4.0,7.0,12.0,inferred
Kingston upon Thames,2020-09-12,0.0,3.0,4.0,7.0,12.0,inferred
Kingston upon Thames,2020-09-13,0.0,3.0,4.0,7.0,13.0,inferred
Kingston upon Thames,2020-09-14,0.0,3.0,4.0,7.0,13.0,inferred
Kingston upon Thames,2020-09-15,0.0,3.0,4.0,7.0,13.0,inferred
Kingston upon Thames,2020-09-16,0.0,3.0,5.0,7.0,13.0,inferred
Kingston upon Thames,2020-09-17,0.0,3.0,5.0,7.0,14.0,inferred
Kingston upon Thames,2020-09-18,1.0,3.0,5.0,8.0,15.0,inferred
Kingston upon Thames,2020-09-19,1.0,4.0,6.0,9.0,15.0,inferred
Kingston upon Thames,2020-09-20,1.0,4.0,6.0,9.0,16.0,inferred
Kingston upon Thames,2020-09-21,1.0,4.0,6.0,9.0,16.0,inferred
Kingston upon Thames,2020-09-22,2.0,5.0,7.0,10.0,17.0,inferred
Kingston upon Thames,2020-09-23,2.0,5.0,8.0,11.0,18.0,inferred
Kingston upon Thames,2020-09-24,2.0,6.0,8.0,11.0,19.0,inferred
Kingston upon Thames,2020-09-25,3.0,7.0,9.0,13.0,20.0,inferred
Kingston upon Thames,2020-09-26,3.0,7.0,10.0,14.0,22.0,inferred
Kingston upon Thames,2020-09-27,3.0,8.0,12.0,16.0,25.0,inferred
Kingston upon Thames,2020-09-28,4.0,9.0,13.0,17.0,27.0,inferred
Kingston upon Thames,2020-09-29,5.0,11.0,15.0,19.0,29.0,inferred
Kingston upon Thames,2020-09-30,6.0,12.0,16.0,21.0,32.0,inferred
Kingston upon Thames,2020-10-01,8.0,14.0,18.0,23.0,33.0,inferred
Kingston upon Thames,2020-10-02,8.0,15.0,19.0,24.0,36.0,inferred
Kingston upon Thames,2020-10-03,9.0,16.0,21.0,26.0,38.0,inferred
Kingston upon Thames,2020-10-04,9.0,17.0,22.0,27.0,39.0,inferred
Kingston upon Thames,2020-10-05,10.0,18.0,23.0,29.0,41.0,inferred
Kingston upon Thames,2020-10-06,12.0,20.0,24.0,30.0,42.0,inferred
Kingston upon Thames,2020-10-07,12.0,21.0,26.0,32.0,44.0,inferred
Kingston upon Thames,2020-10-08,13.0,22.0,27.0,32.2,44.0,inferred
Kingston upon Thames,2020-10-09,14.0,22.0,27.0,33.0,46.0,inferred
Kingston upon Thames,2020-10-10,14.0,22.0,28.0,34.0,46.0,inferred
Kingston upon Thames,2020-10-11,14.0,23.8,29.0,35.0,49.0,inferred
Kingston upon Thames,2020-10-12,16.0,26.0,31.0,37.0,51.0,inferred
Kingston upon Thames,2020-10-13,18.0,27.0,33.0,40.0,55.0,inferred
Kingston upon Thames,2020-10-14,19.0,29.0,35.0,42.0,57.0,inferred
Kingston upon Thames,2020-10-15,21.0,31.0,37.0,44.0,59.0,inferred
Kingston upon Thames,2020-10-16,23.0,33.0,39.0,46.0,62.0,inferred
Kingston upon Thames,2020-10-17,24.0,35.0,42.0,49.0,64.0,inferred
Kingston upon Thames,2020-10-18,26.0,37.0,44.0,52.0,68.0,inferred
Kingston upon Thames,2020-10-19,27.0,39.0,47.0,54.0,73.0,inferred
Kingston upon Thames,2020-10-20,30.0,41.0,48.0,57.0,78.0,inferred
Kingston upon Thames,2020-10-21,30.0,42.0,49.0,57.0,84.0,inferred
Kingston upon Thames,2020-10-22,30.0,42.0,48.0,57.0,81.0,inferred
Kingston upon Thames,2020-10-23,29.0,40.0,48.0,56.0,81.0,inferred
Kingston upon Thames,2020-10-24,29.0,40.0,47.0,55.0,75.0,inferred
Kingston upon Thames,2020-10-25,28.0,39.0,46.0,53.2,72.0,inferred
Kingston upon Thames,2020-10-26,28.0,38.0,45.0,52.0,68.0,inferred
Kingston upon Thames,2020-10-27,27.0,38.0,44.0,52.0,67.0,inferred
Kingston upon Thames,2020-10-28,27.0,38.0,44.0,51.0,66.0,inferred
Kingston upon Thames,2020-10-29,26.0,37.0,44.0,51.0,66.0,inferred
Kingston upon Thames,2020-10-30,25.0,36.0,44.0,51.0,66.0,inferred
Lambeth,2020-08-01,1.0,3.0,5.0,7.0,13.0,inferred
Lambeth,2020-08-02,1.0,3.0,5.0,8.0,14.0,inferred
Lambeth,2020-08-03,1.0,3.0,5.0,7.0,13.0,inferred
Lambeth,2020-08-04,1.0,3.0,5.0,7.0,13.0,inferred
Lambeth,2020-08-05,0.0,2.0,4.0,6.0,12.0,inferred
Lambeth,2020-08-06,0.0,2.0,4.0,6.0,11.0,inferred
Lambeth,2020-08-07,0.0,2.0,3.0,5.0,11.0,inferred
Lambeth,2020-08-08,0.0,2.0,3.0,5.0,10.0,inferred
Lambeth,2020-08-09,0.0,2.0,3.0,5.0,10.0,inferred
Lambeth,2020-08-10,0.0,2.0,3.0,5.0,11.0,inferred
Lambeth,2020-08-11,0.0,2.0,4.0,6.0,11.0,inferred
Lambeth,2020-08-12,0.0,2.0,4.0,6.0,12.0,inferred
Lambeth,2020-08-13,0.0,3.0,4.0,7.0,12.0,inferred
Lambeth,2020-08-14,0.0,2.0,4.0,7.0,13.0,inferred
Lambeth,2020-08-15,0.0,3.0,5.0,7.0,13.0,inferred
Lambeth,2020-08-16,0.0,3.0,5.0,7.0,13.0,inferred
Lambeth,2020-08-17,0.0,3.0,5.0,7.0,12.0,inferred
Lambeth,2020-08-18,1.0,3.0,5.0,7.0,13.0,inferred
Lambeth,2020-08-19,1.0,3.0,5.0,8.0,14.0,inferred
Lambeth,2020-08-20,1.0,4.0,6.0,8.0,15.0,inferred
Lambeth,2020-08-21,1.0,4.0,6.0,8.0,15.0,inferred
Lambeth,2020-08-22,1.0,4.0,6.0,8.0,15.0,inferred
Lambeth,2020-08-23,1.0,4.0,6.0,9.0,16.0,inferred
Lambeth,2020-08-24,1.0,4.0,6.0,9.0,16.0,inferred
Lambeth,2020-08-25,1.0,4.0,7.0,10.0,17.0,inferred
Lambeth,2020-08-26,1.0,4.0,7.0,10.0,17.0,inferred
Lambeth,2020-08-27,1.0,5.0,7.0,10.0,18.0,inferred
Lambeth,2020-08-28,1.0,5.0,7.0,10.0,18.0,inferred
Lambeth,2020-08-29,2.0,5.0,8.0,11.0,18.0,inferred
Lambeth,2020-08-30,1.0,5.0,8.0,11.0,19.0,inferred
Lambeth,2020-08-31,2.0,6.0,9.0,12.0,19.0,inferred
Lambeth,2020-09-01,2.0,6.0,9.0,13.0,20.0,inferred
Lambeth,2020-09-02,3.0,7.0,10.0,13.0,21.0,inferred
Lambeth,2020-09-03,4.0,8.0,11.0,14.0,22.0,inferred
Lambeth,2020-09-04,4.0,9.0,12.0,15.0,24.0,inferred
Lambeth,2020-09-05,4.0,9.0,12.0,16.0,24.0,inferred
Lambeth,2020-09-06,4.0,9.0,13.0,16.0,25.0,inferred
Lambeth,2020-09-07,4.0,9.0,13.0,16.0,26.0,inferred
Lambeth,2020-09-08,4.0,9.0,12.0,16.0,25.0,inferred
Lambeth,2020-09-09,4.0,9.0,12.0,16.0,24.0,inferred
Lambeth,2020-09-10,4.0,8.0,11.0,15.0,24.0,inferred
Lambeth,2020-09-11,3.0,8.0,11.0,15.0,23.0,inferred
Lambeth,2020-09-12,3.0,7.0,10.0,14.0,22.0,inferred
Lambeth,2020-09-13,2.0,7.0,10.0,13.0,22.0,inferred
Lambeth,2020-09-14,3.0,7.0,10.0,14.0,22.0,inferred
Lambeth,2020-09-15,3.0,7.0,10.0,14.0,23.0,inferred
Lambeth,2020-09-16,3.0,8.0,11.0,14.0,23.0,inferred
Lambeth,2020-09-17,3.0,8.0,11.0,15.0,24.0,inferred
Lambeth,2020-09-18,4.0,9.0,12.0,16.0,24.0,inferred
Lambeth,2020-09-19,5.0,10.0,14.0,17.0,26.0,inferred
Lambeth,2020-09-20,5.0,11.0,15.0,19.0,28.0,inferred
Lambeth,2020-09-21,6.0,12.0,16.0,20.0,30.0,inferred
Lambeth,2020-09-22,7.0,13.0,17.0,21.0,31.0,inferred
Lambeth,2020-09-23,7.0,14.0,18.0,23.0,33.0,inferred
Lambeth,2020-09-24,9.0,15.0,19.0,24.0,34.0,inferred
Lambeth,2020-09-25,9.0,16.0,20.0,25.0,36.0,inferred
Lambeth,2020-09-26,11.0,18.0,22.0,27.0,38.0,inferred
Lambeth,2020-09-27,12.0,20.0,25.0,30.0,41.0,inferred
Lambeth,2020-09-28,14.0,22.0,27.0,33.0,45.0,inferred
Lambeth,2020-09-29,16.0,25.0,30.0,36.0,49.0,inferred
Lambeth,2020-09-30,18.0,27.0,32.0,38.0,51.0,inferred
Lambeth,2020-10-01,19.0,28.0,34.0,40.0,53.0,inferred
Lambeth,2020-10-02,19.0,28.0,34.0,41.0,54.0,inferred
Lambeth,2020-10-03,20.0,30.0,35.0,41.0,55.0,inferred
Lambeth,2020-10-04,22.0,31.0,37.0,43.0,57.0,inferred
Lambeth,2020-10-05,23.0,32.0,38.0,45.0,58.0,inferred
Lambeth,2020-10-06,24.0,34.0,40.0,47.0,60.0,inferred
Lambeth,2020-10-07,25.0,35.0,41.0,48.0,62.0,inferred
Lambeth,2020-10-08,26.0,36.0,42.0,49.0,62.0,inferred
Lambeth,2020-10-09,26.0,37.0,43.0,50.0,65.0,inferred
Lambeth,2020-10-10,27.0,37.0,44.0,52.0,67.0,inferred
Lambeth,2020-10-11,27.0,40.0,46.0,54.0,69.0,inferred
Lambeth,2020-10-12,29.0,41.0,48.0,55.0,71.0,inferred
Lambeth,2020-10-13,30.0,42.0,50.0,58.0,74.0,inferred
Lambeth,2020-10-14,32.0,45.0,51.0,59.0,74.0,inferred
Lambeth,2020-10-15,34.0,46.0,53.0,61.0,77.0,inferred
Lambeth,2020-10-16,34.0,47.0,55.0,63.0,81.0,inferred
Lambeth,2020-10-17,37.0,49.0,57.0,65.0,82.0,inferred
Lambeth,2020-10-18,37.0,51.0,59.0,67.0,86.0,inferred
Lambeth,2020-10-19,39.0,52.0,60.0,69.0,87.0,inferred
Lambeth,2020-10-20,40.0,54.0,62.0,71.0,89.0,inferred
Lambeth,2020-10-21,41.0,56.0,64.0,73.0,91.0,inferred
Lambeth,2020-10-22,43.0,58.0,66.0,75.0,94.0,inferred
Lambeth,2020-10-23,46.0,60.0,69.0,78.0,96.0,inferred
Lambeth,2020-10-24,48.0,62.0,71.0,80.0,99.0,inferred
Lambeth,2020-10-25,49.0,64.0,73.0,82.0,100.0,inferred
Lambeth,2020-10-26,51.0,66.0,75.0,84.0,102.0,inferred
Lambeth,2020-10-27,53.0,67.0,76.0,86.0,103.0,inferred
Lambeth,2020-10-28,55.0,70.0,79.0,88.0,108.0,inferred
Lambeth,2020-10-29,56.0,72.0,81.0,91.0,111.0,inferred
Lambeth,2020-10-30,55.0,73.0,83.0,94.0,114.0,inferred
Leicester,2020-08-01,13.0,22.0,27.0,32.0,43.0,inferred
Leicester,2020-08-02,15.0,23.0,28.0,33.0,43.0,inferred
Leicester,2020-08-03,16.0,24.0,30.0,35.0,46.0,inferred
Leicester,2020-08-04,18.0,27.0,32.0,38.0,49.0,inferred
Leicester,2020-08-05,20.0,29.0,34.0,40.0,51.0,inferred
Leicester,2020-08-06,19.0,29.0,34.0,40.0,53.0,inferred
Leicester,2020-08-07,18.0,28.0,33.0,40.0,53.0,inferred
Leicester,2020-08-08,17.0,26.0,32.0,39.0,53.0,inferred
Leicester,2020-08-09,16.0,25.0,31.0,37.0,51.0,inferred
Leicester,2020-08-10,15.0,24.0,29.0,35.0,49.0,inferred
Leicester,2020-08-11,14.0,22.0,28.0,33.0,48.0,inferred
Leicester,2020-08-12,13.0,21.0,27.0,33.0,46.0,inferred
Leicester,2020-08-13,13.0,21.0,26.0,32.0,46.0,inferred
Leicester,2020-08-14,13.0,21.0,26.0,32.0,44.0,inferred
Leicester,2020-08-15,13.0,21.0,26.0,31.0,43.0,inferred
Leicester,2020-08-16,13.0,20.0,25.0,30.0,42.0,inferred
Leicester,2020-08-17,11.0,19.0,24.0,29.0,41.0,inferred
Leicester,2020-08-18,10.0,18.0,22.0,27.0,39.0,inferred
Leicester,2020-08-19,10.0,17.0,21.0,26.0,37.0,inferred
Leicester,2020-08-20,8.0,15.0,19.0,24.0,36.0,inferred
Leicester,2020-08-21,8.0,14.0,18.0,23.0,34.0,inferred
Leicester,2020-08-22,7.0,13.0,17.0,22.0,33.0,inferred
Leicester,2020-08-23,6.0,13.0,17.0,21.0,32.0,inferred
Leicester,2020-08-24,6.0,13.0,17.0,21.0,31.0,inferred
Leicester,2020-08-25,6.0,12.0,16.0,21.0,31.0,inferred
Leicester,2020-08-26,7.0,13.0,16.0,21.0,30.0,inferred
Leicester,2020-08-27,6.0,12.0,16.0,20.0,30.0,inferred
Leicester,2020-08-28,7.0,13.0,17.0,21.0,31.0,inferred
Leicester,2020-08-29,7.0,14.0,18.0,23.0,34.0,inferred
Leicester,2020-08-30,8.0,15.0,20.0,25.0,37.0,inferred
Leicester,2020-08-31,9.0,17.0,22.0,27.0,39.0,inferred
Leicester,2020-09-01,12.0,20.0,25.0,30.0,42.0,inferred
Leicester,2020-09-02,14.0,22.0,28.0,33.0,46.0,inferred
Leicester,2020-09-03,17.0,26.0,31.0,37.0,50.0,inferred
Leicester,2020-09-04,19.0,28.0,34.0,40.0,55.0,inferred
Leicester,2020-09-05,21.0,31.0,37.0,43.0,58.0,inferred
Leicester,2020-09-06,22.0,33.0,39.0,46.0,61.0,inferred
Leicester,2020-09-07,24.0,35.0,41.0,48.0,62.0,inferred
Leicester,2020-09-08,26.0,37.0,43.0,50.0,65.0,inferred
Leicester,2020-09-09,27.0,38.0,45.0,52.0,66.0,inferred
Leicester,2020-09-10,28.0,39.0,46.0,53.0,68.0,inferred
Leicester,2020-09-11,27.0,39.0,45.0,52.0,68.0,inferred
Leicester,2020-09-12,27.0,39.0,45.0,52.0,69.0,inferred
Leicester,2020-09-13,28.0,39.0,46.0,53.0,67.0,inferred
Leicester,2020-09-14,28.0,40.0,47.0,54.0,68.0,inferred
Leicester,2020-09-15,30.0,42.0,49.0,57.0,73.0,inferred
Leicester,2020-09-16,31.0,44.0,52.0,60.0,76.0,inferred
Leicester,2020-09-17,35.0,47.0,55.0,63.0,82.0,inferred
Leicester,2020-09-18,36.0,49.0,57.5,67.0,84.0,inferred
Leicester,2020-09-19,37.0,50.0,59.0,68.0,87.0,inferred
Leicester,2020-09-20,38.0,51.0,59.0,68.0,86.0,inferred
Leicester,2020-09-21,38.0,51.0,59.0,67.0,85.0,inferred
Leicester,2020-09-22,38.0,50.0,58.0,67.0,83.0,inferred
Leicester,2020-09-23,37.0,50.0,58.0,66.0,82.0,inferred
Leicester,2020-09-24,37.0,50.0,57.0,65.0,82.0,inferred
Leicester,2020-09-25,37.0,50.0,57.0,66.0,82.0,inferred
Leicester,2020-09-26,38.0,51.0,58.0,66.0,83.0,inferred
Leicester,2020-09-27,39.0,52.0,60.0,68.0,84.0,inferred
Leicester,2020-09-28,41.0,54.0,62.0,70.0,85.0,inferred
Leicester,2020-09-29,43.0,57.0,65.0,73.0,90.0,inferred
Leicester,2020-09-30,45.0,59.0,67.0,76.0,94.0,inferred
Leicester,2020-10-01,47.0,62.0,70.0,79.0,97.0,inferred
Leicester,2020-10-02,50.0,65.0,74.0,84.0,103.0,inferred
Leicester,2020-10-03,53.0,69.0,78.0,87.0,106.0,inferred
Leicester,2020-10-04,57.0,73.0,82.0,91.0,111.0,inferred
Leicester,2020-10-05,60.0,77.0,86.0,96.0,117.0,inferred
Leicester,2020-10-06,62.0,79.0,89.0,100.0,121.0,inferred
Leicester,2020-10-07,63.0,82.0,92.0,104.0,128.0,inferred
Leicester,2020-10-08,65.0,84.0,95.0,108.0,133.0,inferred
Leicester,2020-10-09,68.0,87.0,99.0,111.0,137.0,inferred
Leicester,2020-10-10,72.0,90.0,102.0,114.0,140.0,inferred
Leicester,2020-10-11,74.0,94.0,105.0,118.0,143.0,inferred
Leicester,2020-10-12,77.0,97.0,109.0,122.0,147.0,inferred
Leicester,2020-10-13,79.0,100.0,112.0,125.0,152.0,inferred
Leicester,2020-10-14,81.0,103.0,115.0,128.0,156.0,inferred
Leicester,2020-10-15,86.0,106.0,119.0,132.0,158.0,inferred
Leicester,2020-10-16,89.0,110.0,122.0,137.0,165.0,inferred
Leicester,2020-10-17,94.0,115.0,129.0,144.0,172.0,inferred
Leicester,2020-10-18,98.0,122.0,136.0,151.0,178.0,inferred
Leicester,2020-10-19,103.0,129.0,143.0,159.0,186.0,inferred
Leicester,2020-10-20,106.0,136.0,152.0,169.0,198.0,inferred
Leicester,2020-10-21,115.0,143.8,159.0,177.0,208.0,inferred
Leicester,2020-10-22,121.0,150.0,165.0,181.0,212.0,inferred
Leicester,2020-10-23,129.0,154.0,171.0,186.0,215.0,inferred
Leicester,2020-10-24,132.0,159.0,174.0,189.0,219.0,inferred
Leicester,2020-10-25,139.0,164.0,179.0,196.0,224.0,inferred
Leicester,2020-10-26,145.0,171.0,186.0,202.0,234.0,inferred
Leicester,2020-10-27,149.0,176.0,191.0,208.0,240.0,inferred
Leicester,2020-10-28,153.0,183.0,198.0,216.0,250.0,inferred
Leicester,2020-10-29,159.0,190.0,205.0,222.0,252.0,inferred
Leicester,2020-10-30,162.0,195.0,213.0,229.0,262.0,inferred
Lewisham,2020-08-01,0.0,0.0,1.0,3.0,7.0,inferred
Lewisham,2020-08-02,0.0,0.0,1.0,3.0,6.0,inferred
Lewisham,2020-08-03,0.0,0.0,1.0,3.0,7.0,inferred
Lewisham,2020-08-04,0.0,1.0,2.0,3.0,8.0,inferred
Lewisham,2020-08-05,0.0,1.0,2.0,4.0,9.0,inferred
Lewisham,2020-08-06,0.0,1.0,3.0,5.0,9.0,inferred
Lewisham,2020-08-07,0.0,1.0,3.0,4.0,9.0,inferred
Lewisham,2020-08-08,0.0,1.0,2.0,4.0,9.0,inferred
Lewisham,2020-08-09,0.0,1.0,2.0,4.0,9.0,inferred
Lewisham,2020-08-10,0.0,1.0,2.0,4.0,9.0,inferred
Lewisham,2020-08-11,0.0,1.0,2.0,4.0,9.0,inferred
Lewisham,2020-08-12,0.0,1.0,2.0,4.0,9.0,inferred
Lewisham,2020-08-13,0.0,1.0,2.0,4.0,9.0,inferred
Lewisham,2020-08-14,0.0,1.0,2.0,4.0,9.0,inferred
Lewisham,2020-08-15,0.0,1.0,3.0,4.0,9.0,inferred
Lewisham,2020-08-16,0.0,1.0,3.0,4.0,10.0,inferred
Lewisham,2020-08-17,0.0,1.0,3.0,5.0,10.0,inferred
Lewisham,2020-08-18,0.0,1.0,3.0,5.0,11.0,inferred
Lewisham,2020-08-19,0.0,2.0,3.0,5.0,11.0,inferred
Lewisham,2020-08-20,0.0,2.0,3.0,5.0,11.0,inferred
Lewisham,2020-08-21,0.0,2.0,4.0,6.0,12.0,inferred
Lewisham,2020-08-22,0.0,2.0,4.0,6.0,11.0,inferred
Lewisham,2020-08-23,0.0,2.0,4.0,6.0,11.0,inferred
Lewisham,2020-08-24,0.0,2.0,3.0,6.0,11.0,inferred
Lewisham,2020-08-25,0.0,2.0,4.0,6.0,11.0,inferred
Lewisham,2020-08-26,0.0,2.0,4.0,6.0,11.0,inferred
Lewisham,2020-08-27,0.0,2.0,4.0,6.0,12.0,inferred
Lewisham,2020-08-28,0.0,3.0,4.0,7.0,12.0,inferred
Lewisham,2020-08-29,0.0,3.0,5.0,7.0,13.0,inferred
Lewisham,2020-08-30,1.0,3.0,5.0,8.0,14.0,inferred
Lewisham,2020-08-31,1.0,4.0,6.0,9.0,15.0,inferred
Lewisham,2020-09-01,1.0,4.0,6.5,9.0,16.0,inferred
Lewisham,2020-09-02,1.0,5.0,7.0,10.0,16.0,inferred
Lewisham,2020-09-03,2.0,5.0,7.0,10.0,17.0,inferred
Lewisham,2020-09-04,1.0,5.0,7.0,10.0,17.0,inferred
Lewisham,2020-09-05,1.0,5.0,7.0,10.0,17.0,inferred
Lewisham,2020-09-06,1.0,5.0,7.0,10.0,18.0,inferred
Lewisham,2020-09-07,2.0,5.0,7.0,10.0,17.0,inferred
Lewisham,2020-09-08,2.0,5.0,7.0,10.0,17.0,inferred
Lewisham,2020-09-09,2.0,5.0,7.0,10.0,17.0,inferred
Lewisham,2020-09-10,2.0,5.0,7.0,10.0,17.0,inferred
Lewisham,2020-09-11,2.0,5.0,8.0,11.0,18.0,inferred
Lewisham,2020-09-12,2.0,5.0,8.0,11.0,18.0,inferred
Lewisham,2020-09-13,2.0,5.0,8.0,11.0,18.0,inferred
Lewisham,2020-09-14,2.0,6.0,8.0,11.0,18.0,inferred
Lewisham,2020-09-15,2.0,6.0,9.0,12.0,19.0,inferred
Lewisham,2020-09-16,2.0,6.0,9.0,12.0,20.0,inferred
Lewisham,2020-09-17,3.0,7.0,9.0,13.0,20.0,inferred
Lewisham,2020-09-18,3.0,7.0,9.5,13.0,21.0,inferred
Lewisham,2020-09-19,3.0,7.0,10.0,13.0,21.0,inferred
Lewisham,2020-09-20,3.0,7.0,10.0,14.0,22.0,inferred
Lewisham,2020-09-21,3.0,8.0,11.0,15.0,23.0,inferred
Lewisham,2020-09-22,4.0,9.0,12.0,16.0,25.0,inferred
Lewisham,2020-09-23,4.0,10.0,13.0,17.0,26.0,inferred
Lewisham,2020-09-24,5.0,11.0,14.0,18.0,28.0,inferred
Lewisham,2020-09-25,6.0,12.0,16.0,20.0,30.0,inferred
Lewisham,2020-09-26,7.0,13.0,17.0,22.0,31.0,inferred
Lewisham,2020-09-27,8.0,15.0,19.0,24.0,34.0,inferred
Lewisham,2020-09-28,9.0,16.0,21.0,26.0,36.0,inferred
Lewisham,2020-09-29,11.0,18.0,23.0,28.0,40.0,inferred
Lewisham,2020-09-30,12.0,19.0,24.0,30.0,43.0,inferred
Lewisham,2020-10-01,13.0,20.0,26.0,32.0,45.0,inferred
Lewisham,2020-10-02,14.0,22.0,27.0,33.0,46.0,inferred
Lewisham,2020-10-03,15.0,23.0,29.0,35.0,49.0,inferred
Lewisham,2020-10-04,15.0,24.0,30.0,36.0,49.0,inferred
Lewisham,2020-10-05,16.0,25.0,31.0,37.0,50.0,inferred
Lewisham,2020-10-06,16.0,26.0,31.0,38.0,50.0,inferred
Lewisham,2020-10-07,18.0,27.0,33.0,39.0,52.0,inferred
Lewisham,2020-10-08,18.0,27.0,33.0,39.0,52.0,inferred
Lewisham,2020-10-09,19.0,28.0,33.0,39.0,52.0,inferred
Lewisham,2020-10-10,19.0,28.0,34.0,40.0,54.0,inferred
Lewisham,2020-10-11,19.0,28.0,34.0,40.0,52.0,inferred
Lewisham,2020-10-12,19.0,28.0,34.0,40.0,52.0,inferred
Lewisham,2020-10-13,19.0,28.0,34.0,40.0,53.0,inferred
Lewisham,2020-10-14,20.0,29.0,35.0,41.0,54.0,inferred
Lewisham,2020-10-15,20.0,30.0,36.0,42.2,56.0,inferred
Lewisham,2020-10-16,21.0,31.0,37.0,43.0,57.0,inferred
Lewisham,2020-10-17,21.0,31.0,38.0,45.0,59.0,inferred
Lewisham,2020-10-18,22.0,33.0,39.0,46.0,61.0,inferred
Lewisham,2020-10-19,24.0,35.0,42.0,49.0,64.0,inferred
Lewisham,2020-10-20,25.0,37.0,43.0,50.0,65.0,inferred
Lewisham,2020-10-21,27.0,38.0,45.0,52.0,68.0,inferred
Lewisham,2020-10-22,28.0,40.0,46.0,53.0,68.0,inferred
Lewisham,2020-10-23,28.0,39.0,46.0,54.0,68.0,inferred
Lewisham,2020-10-24,29.0,40.0,47.0,55.0,70.0,inferred
Lewisham,2020-10-25,29.0,41.0,48.0,56.0,72.0,inferred
Lewisham,2020-10-26,30.0,41.0,49.0,56.0,73.0,inferred
Lewisham,2020-10-27,30.0,43.0,50.0,58.0,74.0,inferred
Lewisham,2020-10-28,31.0,43.0,51.0,59.0,76.0,inferred
Lewisham,2020-10-29,32.0,45.0,53.0,61.0,79.0,inferred
Lewisham,2020-10-30,34.0,46.0,54.0,63.0,82.0,inferred
Luton,2020-08-01,0.0,3.0,5.0,7.0,13.0,inferred
Luton,2020-08-02,1.0,3.0,5.0,7.0,13.0,inferred
Luton,2020-08-03,1.0,3.0,5.0,8.0,13.0,inferred
Luton,2020-08-04,1.0,4.0,6.0,8.0,14.0,inferred
Luton,2020-08-05,1.0,4.0,7.0,9.0,16.0,inferred
Luton,2020-08-06,2.0,5.0,7.0,10.0,17.0,inferred
Luton,2020-08-07,2.0,5.0,7.0,10.0,17.0,inferred
Luton,2020-08-08,1.0,5.0,7.0,10.0,17.0,inferred
Luton,2020-08-09,1.0,4.0,7.0,10.0,16.0,inferred
Luton,2020-08-10,1.0,4.0,6.0,9.0,15.0,inferred
Luton,2020-08-11,1.0,3.0,6.0,8.0,15.0,inferred
Luton,2020-08-12,1.0,3.0,5.0,7.0,14.0,inferred
Luton,2020-08-13,0.0,3.0,5.0,7.0,13.0,inferred
Luton,2020-08-14,0.0,2.0,4.0,6.0,12.0,inferred
Luton,2020-08-15,0.0,2.0,4.0,6.0,12.0,inferred
Luton,2020-08-16,0.0,2.0,4.0,6.0,12.0,inferred
Luton,2020-08-17,0.0,2.0,4.0,6.0,12.0,inferred
Luton,2020-08-18,0.0,2.0,4.0,6.0,12.0,inferred
Luton,2020-08-19,0.0,2.0,4.0,6.0,12.0,inferred
Luton,2020-08-20,0.0,3.0,4.0,7.0,13.0,inferred
Luton,2020-08-21,0.0,2.0,4.0,6.0,12.0,inferred
Luton,2020-08-22,0.0,2.0,4.0,6.0,12.0,inferred
Luton,2020-08-23,0.0,2.0,4.0,6.0,11.0,inferred
Luton,2020-08-24,0.0,2.0,4.0,6.0,11.0,inferred
Luton,2020-08-25,0.0,2.0,3.0,5.0,11.0,inferred
Luton,2020-08-26,0.0,2.0,3.0,6.0,11.0,inferred
Luton,2020-08-27,0.0,2.0,4.0,6.0,12.0,inferred
Luton,2020-08-28,0.0,2.0,4.0,7.0,12.0,inferred
Luton,2020-08-29,0.0,3.0,5.0,7.0,13.0,inferred
Luton,2020-08-30,1.0,3.0,6.0,8.0,15.0,inferred
Luton,2020-08-31,1.0,4.0,7.0,9.0,16.0,inferred
Luton,2020-09-01,1.0,5.0,7.0,10.0,17.0,inferred
Luton,2020-09-02,2.0,5.0,8.0,11.0,18.0,inferred
Luton,2020-09-03,2.0,5.0,8.0,11.0,18.0,inferred
Luton,2020-09-04,2.0,5.0,8.0,11.0,18.0,inferred
Luton,2020-09-05,2.0,5.0,8.0,11.0,18.0,inferred
Luton,2020-09-06,2.0,6.0,8.0,11.0,19.0,inferred
Luton,2020-09-07,2.0,5.0,8.0,11.0,19.0,inferred
Luton,2020-09-08,2.0,6.0,8.0,11.0,19.0,inferred
Luton,2020-09-09,2.0,6.0,9.0,12.0,19.0,inferred
Luton,2020-09-10,2.0,6.0,9.0,12.0,20.0,inferred
Luton,2020-09-11,2.0,6.0,9.0,12.0,20.0,inferred
Luton,2020-09-12,2.0,6.0,9.0,12.0,20.0,inferred
Luton,2020-09-13,2.0,6.0,9.0,12.0,20.0,inferred
Luton,2020-09-14,3.0,7.0,9.0,13.0,20.0,inferred
Luton,2020-09-15,3.0,7.0,10.0,14.0,21.0,inferred
Luton,2020-09-16,4.0,8.0,11.0,15.0,23.0,inferred
Luton,2020-09-17,5.0,10.0,13.0,17.0,26.0,inferred
Luton,2020-09-18,5.0,11.0,15.0,19.0,28.0,inferred
Luton,2020-09-19,6.0,12.0,16.0,20.0,30.0,inferred
Luton,2020-09-20,7.0,13.0,17.0,22.0,32.0,inferred
Luton,2020-09-21,7.0,14.0,18.0,22.0,32.0,inferred
Luton,2020-09-22,8.0,14.0,18.0,23.0,34.0,inferred
Luton,2020-09-23,8.0,14.0,18.0,23.0,33.0,inferred
Luton,2020-09-24,9.0,15.0,19.0,24.0,34.0,inferred
Luton,2020-09-25,8.0,15.0,19.0,24.0,34.0,inferred
Luton,2020-09-26,8.0,15.0,19.0,24.0,35.0,inferred
Luton,2020-09-27,8.0,15.0,19.0,24.0,35.0,inferred
Luton,2020-09-28,8.0,15.0,19.0,25.0,35.0,inferred
Luton,2020-09-29,8.0,16.0,20.0,25.0,36.0,inferred
Luton,2020-09-30,10.0,17.0,21.0,26.0,37.0,inferred
Luton,2020-10-01,10.0,17.0,22.0,27.0,38.0,inferred
Luton,2020-10-02,11.0,18.0,22.0,27.0,38.0,inferred
Luton,2020-10-03,11.0,18.0,23.0,28.0,39.0,inferred
Luton,2020-10-04,12.0,19.0,24.0,29.0,40.0,inferred
Luton,2020-10-05,13.0,20.0,25.0,31.0,43.0,inferred
Luton,2020-10-06,14.0,22.0,26.0,32.0,44.0,inferred
Luton,2020-10-07,14.0,23.0,28.0,33.0,45.0,inferred
Luton,2020-10-08,16.0,24.0,29.0,35.0,47.0,inferred
Luton,2020-10-09,16.0,25.0,31.0,36.0,49.0,inferred
Luton,2020-10-10,17.0,26.0,31.0,37.0,50.0,inferred
Luton,2020-10-11,19.0,27.0,33.0,39.0,52.0,inferred
Luton,2020-10-12,19.0,29.0,35.0,41.0,54.0,inferred
Luton,2020-10-13,21.0,31.0,37.0,43.0,57.0,inferred
Luton,2020-10-14,22.0,32.0,38.0,44.0,58.0,inferred
Luton,2020-10-15,23.0,33.0,39.0,45.0,61.0,inferred
Luton,2020-10-16,24.0,35.0,41.0,47.0,62.0,inferred
Luton,2020-10-17,25.0,35.0,41.0,48.0,61.0,inferred
Luton,2020-10-18,27.0,37.0,44.0,50.0,64.0,inferred
Luton,2020-10-19,29.0,39.0,46.0,53.0,69.0,inferred
Luton,2020-10-20,29.0,42.0,49.0,56.0,73.0,inferred
Luton,2020-10-21,32.0,43.0,51.0,59.0,77.0,inferred
Luton,2020-10-22,34.0,47.0,54.0,62.0,80.0,inferred
Luton,2020-10-23,35.0,48.0,56.0,64.0,82.0,inferred
Luton,2020-10-24,36.0,49.0,57.0,66.0,83.0,inferred
Luton,2020-10-25,38.0,52.0,60.0,69.0,87.0,inferred
Luton,2020-10-26,40.0,54.0,62.0,71.0,92.0,inferred
Luton,2020-10-27,43.0,57.0,65.0,74.0,94.0,inferred
Luton,2020-10-28,45.0,61.0,70.0,79.0,98.0,inferred
Luton,2020-10-29,48.0,64.0,74.0,84.0,104.0,inferred
Luton,2020-10-30,50.0,69.0,80.0,91.0,113.0,inferred
Malvern Hills,2020-08-01,0.0,0.0,0.0,0.0,0.0,inferred
Malvern Hills,2020-08-02,0.0,0.0,0.0,0.0,0.0,inferred
Malvern Hills,2020-08-03,0.0,0.0,0.0,0.0,0.0,inferred
Malvern Hills,2020-08-04,0.0,0.0,0.0,0.0,0.0,inferred
Malvern Hills,2020-08-05,0.0,0.0,0.0,0.0,0.0,inferred
Malvern Hills,2020-08-06,0.0,0.0,0.0,0.0,1.0,inferred
Malvern Hills,2020-08-07,0.0,0.0,0.0,0.0,1.0,inferred
Malvern Hills,2020-08-08,0.0,0.0,0.0,0.0,2.0,inferred
Malvern Hills,2020-08-09,0.0,0.0,0.0,0.0,2.0,inferred
Malvern Hills,2020-08-10,0.0,0.0,0.0,0.0,2.0,inferred
Malvern Hills,2020-08-11,0.0,0.0,0.0,0.0,2.0,inferred
Malvern Hills,2020-08-12,0.0,0.0,0.0,0.0,3.0,inferred
Malvern Hills,2020-08-13,0.0,0.0,0.0,0.0,3.0,inferred
Malvern Hills,2020-08-14,0.0,0.0,0.0,0.0,3.0,inferred
Malvern Hills,2020-08-15,0.0,0.0,0.0,1.0,4.0,inferred
Malvern Hills,2020-08-16,0.0,0.0,0.0,1.0,4.0,inferred
Malvern Hills,2020-08-17,0.0,0.0,0.0,1.0,4.0,inferred
Malvern Hills,2020-08-18,0.0,0.0,0.0,1.0,4.0,inferred
Malvern Hills,2020-08-19,0.0,0.0,0.0,1.0,4.0,inferred
Malvern Hills,2020-08-20,0.0,0.0,0.0,1.0,4.0,inferred
Malvern Hills,2020-08-21,0.0,0.0,0.0,1.0,4.0,inferred
Malvern Hills,2020-08-22,0.0,0.0,0.0,1.0,4.0,inferred
Malvern Hills,2020-08-23,0.0,0.0,0.0,1.0,5.0,inferred
Malvern Hills,2020-08-24,0.0,0.0,0.0,1.0,5.0,inferred
Malvern Hills,2020-08-25,0.0,0.0,0.0,2.0,5.0,inferred
Malvern Hills,2020-08-26,0.0,0.0,1.0,2.0,5.0,inferred
Malvern Hills,2020-08-27,0.0,0.0,1.0,2.0,5.0,inferred
Malvern Hills,2020-08-28,0.0,0.0,1.0,2.0,6.0,inferred
Malvern Hills,2020-08-29,0.0,0.0,1.0,2.0,6.0,inferred
Malvern Hills,2020-08-30,0.0,0.0,1.0,2.0,7.0,inferred
Malvern Hills,2020-08-31,0.0,0.0,1.0,3.0,7.0,inferred
Malvern Hills,2020-09-01,0.0,1.0,2.0,3.0,7.0,inferred
Malvern Hills,2020-09-02,0.0,1.0,2.0,3.0,8.0,inferred
Malvern Hills,2020-09-03,0.0,1.0,2.0,4.0,9.0,inferred
Malvern Hills,2020-09-04,0.0,1.0,2.0,4.0,9.0,inferred
Malvern Hills,2020-09-05,0.0,1.0,3.0,4.0,9.0,inferred
Malvern Hills,2020-09-06,0.0,1.0,3.0,5.0,9.0,inferred
Malvern Hills,2020-09-07,0.0,1.0,3.0,5.0,10.0,inferred
Malvern Hills,2020-09-08,0.0,1.0,2.0,4.0,9.0,inferred
Malvern Hills,2020-09-09,0.0,1.0,2.0,4.0,9.0,inferred
Malvern Hills,2020-09-10,0.0,1.0,2.0,4.0,8.0,inferred
Malvern Hills,2020-09-11,0.0,1.0,2.0,3.0,8.0,inferred
Malvern Hills,2020-09-12,0.0,1.0,2.0,3.0,8.0,inferred
Malvern Hills,2020-09-13,0.0,1.0,2.0,3.0,8.0,inferred
Malvern Hills,2020-09-14,0.0,1.0,2.0,3.0,8.0,inferred
Malvern Hills,2020-09-15,0.0,1.0,2.0,3.0,8.0,inferred
Malvern Hills,2020-09-16,0.0,1.0,2.0,4.0,9.0,inferred
Malvern Hills,2020-09-17,0.0,1.0,2.0,4.0,9.0,inferred
Malvern Hills,2020-09-18,0.0,1.0,2.0,4.0,9.0,inferred
Malvern Hills,2020-09-19,0.0,1.0,2.0,5.0,10.0,inferred
Malvern Hills,2020-09-20,0.0,1.0,3.0,5.0,10.0,inferred
Malvern Hills,2020-09-21,0.0,1.0,3.0,5.0,10.0,inferred
Malvern Hills,2020-09-22,0.0,2.0,3.0,5.0,11.0,inferred
Malvern Hills,2020-09-23,0.0,2.0,3.0,5.0,11.0,inferred
Malvern Hills,2020-09-24,0.0,2.0,4.0,6.0,11.0,inferred
Malvern Hills,2020-09-25,0.0,2.0,4.0,6.0,12.0,inferred
Malvern Hills,2020-09-26,0.0,2.0,4.0,6.0,11.0,inferred
Malvern Hills,2020-09-27,0.0,2.0,4.0,6.0,12.0,inferred
Malvern Hills,2020-09-28,0.0,2.0,4.0,6.0,12.0,inferred
Malvern Hills,2020-09-29,0.0,3.0,5.0,7.0,14.0,inferred
Malvern Hills,2020-09-30,0.0,3.0,5.0,8.0,14.0,inferred
Malvern Hills,2020-10-01,1.0,4.0,6.0,8.0,15.0,inferred
Malvern Hills,2020-10-02,1.0,4.0,6.0,9.0,16.0,inferred
Malvern Hills,2020-10-03,1.0,5.0,7.0,10.0,16.0,inferred
Malvern Hills,2020-10-04,2.0,5.0,7.0,10.0,17.0,inferred
Malvern Hills,2020-10-05,2.0,5.0,7.0,10.0,17.0,inferred
Malvern Hills,2020-10-06,2.0,5.0,8.0,11.0,18.0,inferred
Malvern Hills,2020-10-07,2.0,5.0,8.0,11.0,19.0,inferred
Malvern Hills,2020-10-08,2.0,5.0,8.0,11.0,19.0,inferred
Malvern Hills,2020-10-09,2.0,5.0,8.0,11.0,19.0,inferred
Malvern Hills,2020-10-10,2.0,5.0,8.0,11.0,19.0,inferred
Malvern Hills,2020-10-11,2.0,5.0,8.0,11.0,18.0,inferred
Malvern Hills,2020-10-12,1.0,5.0,8.0,11.0,18.0,inferred
Malvern Hills,2020-10-13,1.0,5.0,8.0,11.0,19.0,inferred
Malvern Hills,2020-10-14,2.0,5.0,8.0,11.0,20.0,inferred
Malvern Hills,2020-10-15,2.0,5.0,8.0,12.0,20.0,inferred
Malvern Hills,2020-10-16,2.0,6.0,8.0,12.0,20.0,inferred
Malvern Hills,2020-10-17,2.0,6.0,9.0,12.0,20.0,inferred
Malvern Hills,2020-10-18,2.0,6.0,9.0,12.0,20.0,inferred
Malvern Hills,2020-10-19,3.0,7.0,10.0,13.0,22.0,inferred
Malvern Hills,2020-10-20,3.0,7.0,10.0,14.0,23.0,inferred
Malvern Hills,2020-10-21,3.0,8.0,11.0,15.0,24.0,inferred
Malvern Hills,2020-10-22,4.0,8.0,12.0,15.0,24.0,inferred
Malvern Hills,2020-10-23,4.0,9.0,12.0,16.0,24.0,inferred
Malvern Hills,2020-10-24,4.0,9.0,12.0,16.0,25.0,inferred
Malvern Hills,2020-10-25,4.0,9.0,13.0,16.0,25.0,inferred
Malvern Hills,2020-10-26,4.0,9.0,12.0,16.2,26.0,inferred
Malvern Hills,2020-10-27,4.0,9.0,13.0,17.0,27.0,inferred
Malvern Hills,2020-10-28,4.0,9.0,13.0,18.0,28.0,inferred
Malvern Hills,2020-10-29,4.0,9.0,13.0,18.0,30.0,inferred
Malvern Hills,2020-10-30,4.0,10.0,14.0,19.0,30.0,inferred
Merton,2020-08-01,0.0,0.0,1.0,3.0,6.0,inferred
Merton,2020-08-02,0.0,0.0,1.0,3.0,7.0,inferred
Merton,2020-08-03,0.0,0.0,1.0,3.0,7.0,inferred
Merton,2020-08-04,0.0,0.0,1.0,3.0,7.0,inferred
Merton,2020-08-05,0.0,0.0,1.0,3.0,7.0,inferred
Merton,2020-08-06,0.0,0.0,1.0,3.0,7.0,inferred
Merton,2020-08-07,0.0,0.0,1.0,2.0,7.0,inferred
Merton,2020-08-08,0.0,0.0,1.0,3.0,7.0,inferred
Merton,2020-08-09,0.0,0.0,1.0,3.0,7.0,inferred
Merton,2020-08-10,0.0,0.0,2.0,3.0,7.0,inferred
Merton,2020-08-11,0.0,1.0,2.0,3.0,7.0,inferred
Merton,2020-08-12,0.0,1.0,2.0,3.0,8.0,inferred
Merton,2020-08-13,0.0,1.0,2.0,3.0,8.0,inferred
Merton,2020-08-14,0.0,1.0,2.0,4.0,8.0,inferred
Merton,2020-08-15,0.0,1.0,2.0,3.0,8.0,inferred
Merton,2020-08-16,0.0,1.0,2.0,4.0,8.0,inferred
Merton,2020-08-17,0.0,1.0,2.0,4.0,8.0,inferred
Merton,2020-08-18,0.0,1.0,2.0,4.0,8.0,inferred
Merton,2020-08-19,0.0,1.0,2.0,4.0,9.0,inferred
Merton,2020-08-20,0.0,1.0,2.0,4.0,9.0,inferred
Merton,2020-08-21,0.0,1.0,2.0,4.0,9.0,inferred
Merton,2020-08-22,0.0,1.0,2.0,4.0,9.0,inferred
Merton,2020-08-23,0.0,1.0,2.0,4.0,9.0,inferred
Merton,2020-08-24,0.0,1.0,2.0,4.0,9.0,inferred
Merton,2020-08-25,0.0,1.0,2.0,4.0,8.0,inferred
Merton,2020-08-26,0.0,1.0,2.0,4.0,8.0,inferred
Merton,2020-08-27,0.0,1.0,2.0,4.0,9.0,inferred
Merton,2020-08-28,0.0,1.0,2.0,4.0,9.0,inferred
Merton,2020-08-29,0.0,1.0,3.0,5.0,9.0,inferred
Merton,2020-08-30,0.0,2.0,3.0,5.0,10.0,inferred
Merton,2020-08-31,0.0,2.0,3.0,5.0,11.0,inferred
Merton,2020-09-01,0.0,2.0,3.0,6.0,11.0,inferred
Merton,2020-09-02,0.0,2.0,4.0,6.0,11.0,inferred
Merton,2020-09-03,0.0,2.0,4.0,6.0,11.0,inferred
Merton,2020-09-04,0.0,2.0,4.0,6.0,11.0,inferred
Merton,2020-09-05,0.0,2.0,4.0,6.0,12.0,inferred
Merton,2020-09-06,0.0,2.0,4.0,6.0,12.0,inferred
Merton,2020-09-07,0.0,2.0,4.0,6.0,12.0,inferred
Merton,2020-09-08,0.0,2.0,4.0,7.0,12.0,inferred
Merton,2020-09-09,0.0,3.0,4.0,7.0,12.0,inferred
Merton,2020-09-10,0.0,3.0,5.0,7.0,13.0,inferred
Merton,2020-09-11,1.0,3.0,5.0,7.0,13.0,inferred
Merton,2020-09-12,0.0,3.0,5.0,7.0,14.0,inferred
Merton,2020-09-13,0.0,3.0,5.0,7.0,13.0,inferred
Merton,2020-09-14,0.0,3.0,5.0,7.0,13.0,inferred
Merton,2020-09-15,0.0,3.0,5.0,8.0,14.0,inferred
Merton,2020-09-16,1.0,3.0,5.0,8.0,14.0,inferred
Merton,2020-09-17,1.0,3.0,5.0,8.0,15.0,inferred
Merton,2020-09-18,1.0,3.0,5.5,8.0,15.0,inferred
Merton,2020-09-19,1.0,4.0,6.0,9.0,16.0,inferred
Merton,2020-09-20,1.0,4.0,7.0,9.0,16.0,inferred
Merton,2020-09-21,1.0,5.0,7.0,10.0,17.0,inferred
Merton,2020-09-22,2.0,5.0,8.0,11.0,18.0,inferred
Merton,2020-09-23,2.0,5.0,8.0,11.0,18.0,inferred
Merton,2020-09-24,2.0,6.0,9.0,12.0,19.0,inferred
Merton,2020-09-25,2.0,6.0,9.0,12.0,20.0,inferred
Merton,2020-09-26,3.0,7.0,9.0,13.0,20.0,inferred
Merton,2020-09-27,3.0,7.0,10.0,13.0,21.0,inferred
Merton,2020-09-28,4.0,8.0,11.0,14.0,22.0,inferred
Merton,2020-09-29,4.0,9.0,12.0,15.0,23.0,inferred
Merton,2020-09-30,5.0,10.0,13.0,17.0,25.0,inferred
Merton,2020-10-01,6.0,11.0,14.0,18.0,27.0,inferred
Merton,2020-10-02,6.0,12.0,16.0,20.0,29.0,inferred
Merton,2020-10-03,7.0,13.0,17.0,21.0,30.0,inferred
Merton,2020-10-04,8.0,14.0,18.0,23.0,33.0,inferred
Merton,2020-10-05,8.0,15.0,19.0,24.0,35.0,inferred
Merton,2020-10-06,9.0,16.0,20.0,25.0,35.0,inferred
Merton,2020-10-07,9.0,16.0,21.0,25.0,35.0,inferred
Merton,2020-10-08,10.0,17.0,21.0,26.0,37.0,inferred
Merton,2020-10-09,11.0,18.0,22.0,27.0,38.0,inferred
Merton,2020-10-10,11.0,18.0,23.0,28.0,40.0,inferred
Merton,2020-10-11,12.0,20.0,24.0,30.0,41.0,inferred
Merton,2020-10-12,12.0,21.0,25.0,31.0,43.0,inferred
Merton,2020-10-13,13.0,22.0,27.0,32.0,46.0,inferred
Merton,2020-10-14,14.0,22.0,28.0,33.0,46.0,inferred
Merton,2020-10-15,15.0,24.0,29.0,35.0,47.0,inferred
Merton,2020-10-16,17.0,25.0,31.0,36.0,50.0,inferred
Merton,2020-10-17,18.0,27.0,33.0,39.0,51.0,inferred
Merton,2020-10-18,19.0,29.0,34.0,41.0,54.0,inferred
Merton,2020-10-19,20.0,30.0,36.0,42.0,55.0,inferred
Merton,2020-10-20,22.0,31.0,37.0,43.0,57.0,inferred
Merton,2020-10-21,22.0,32.0,38.0,44.0,59.0,inferred
Merton,2020-10-22,23.0,33.0,39.0,46.0,59.0,inferred
Merton,2020-10-23,24.0,34.0,40.0,47.0,61.0,inferred
Merton,2020-10-24,25.0,36.0,42.0,49.0,65.0,inferred
Merton,2020-10-25,25.0,37.0,43.0,51.0,68.0,inferred
Merton,2020-10-26,27.0,37.0,44.0,52.0,69.0,inferred
Merton,2020-10-27,26.0,38.0,45.0,53.0,70.0,inferred
Merton,2020-10-28,25.0,38.0,46.0,54.0,72.0,inferred
Merton,2020-10-29,26.0,39.0,47.0,56.0,74.0,inferred
Merton,2020-10-30,28.0,40.0,49.0,59.0,80.0,inferred
Milton Keynes,2020-08-01,0.0,0.0,1.0,3.0,6.0,inferred
Milton Keynes,2020-08-02,0.0,1.0,2.0,3.0,7.0,inferred
Milton Keynes,2020-08-03,0.0,1.0,2.0,4.0,8.0,inferred
Milton Keynes,2020-08-04,0.0,1.0,3.0,4.0,9.0,inferred
Milton Keynes,2020-08-05,0.0,1.0,3.0,5.0,10.0,inferred
Milton Keynes,2020-08-06,0.0,1.0,3.0,5.0,10.0,inferred
Milton Keynes,2020-08-07,0.0,1.0,3.0,5.0,10.0,inferred
Milton Keynes,2020-08-08,0.0,1.0,3.0,5.0,10.0,inferred
Milton Keynes,2020-08-09,0.0,1.0,3.0,4.0,10.0,inferred
Milton Keynes,2020-08-10,0.0,1.0,3.0,4.0,9.0,inferred
Milton Keynes,2020-08-11,0.0,1.0,3.0,5.0,9.0,inferred
Milton Keynes,2020-08-12,0.0,1.0,3.0,5.0,9.0,inferred
Milton Keynes,2020-08-13,0.0,1.0,3.0,5.0,10.0,inferred
Milton Keynes,2020-08-14,0.0,1.0,3.0,5.0,10.0,inferred
Milton Keynes,2020-08-15,0.0,1.0,3.0,5.0,10.0,inferred
Milton Keynes,2020-08-16,0.0,1.0,3.0,5.0,10.0,inferred
Milton Keynes,2020-08-17,0.0,2.0,3.0,5.0,10.0,inferred
Milton Keynes,2020-08-18,0.0,2.0,3.0,5.0,10.0,inferred
Milton Keynes,2020-08-19,0.0,2.0,3.0,6.0,11.0,inferred
Milton Keynes,2020-08-20,0.0,2.0,4.0,6.0,11.0,inferred
Milton Keynes,2020-08-21,0.0,2.0,4.0,6.0,11.0,inferred
Milton Keynes,2020-08-22,0.0,2.0,4.0,6.0,11.0,inferred
Milton Keynes,2020-08-23,0.0,2.0,4.0,6.0,11.0,inferred
Milton Keynes,2020-08-24,0.0,2.0,3.0,5.0,11.0,inferred
Milton Keynes,2020-08-25,0.0,2.0,3.0,5.0,11.0,inferred
Milton Keynes,2020-08-26,0.0,2.0,3.0,5.0,11.0,inferred
Milton Keynes,2020-08-27,0.0,1.0,3.0,5.0,11.0,inferred
Milton Keynes,2020-08-28,0.0,2.0,3.0,5.0,11.0,inferred
Milton Keynes,2020-08-29,0.0,2.0,3.0,5.0,11.0,inferred
Milton Keynes,2020-08-30,0.0,2.0,4.0,6.0,11.0,inferred
Milton Keynes,2020-08-31,0.0,2.0,4.0,6.0,12.0,inferred
Milton Keynes,2020-09-01,0.0,2.0,4.0,7.0,12.0,inferred
Milton Keynes,2020-09-02,0.0,3.0,5.0,7.0,13.0,inferred
Milton Keynes,2020-09-03,0.0,3.0,5.0,7.0,13.0,inferred
Milton Keynes,2020-09-04,0.0,3.0,5.0,7.0,13.0,inferred
Milton Keynes,2020-09-05,1.0,3.0,5.0,7.0,13.0,inferred
Milton Keynes,2020-09-06,1.0,3.0,5.0,7.0,13.0,inferred
Milton Keynes,2020-09-07,0.0,3.0,5.0,7.0,13.0,inferred
Milton Keynes,2020-09-08,0.0,3.0,5.0,7.0,13.0,inferred
Milton Keynes,2020-09-09,0.0,3.0,5.0,7.0,13.0,inferred
Milton Keynes,2020-09-10,0.0,3.0,5.0,7.0,13.0,inferred
Milton Keynes,2020-09-11,0.0,3.0,5.0,7.0,13.0,inferred
Milton Keynes,2020-09-12,0.0,3.0,5.0,7.0,14.0,inferred
Milton Keynes,2020-09-13,0.0,3.0,5.0,8.0,14.0,inferred
Milton Keynes,2020-09-14,1.0,4.0,6.0,9.0,15.0,inferred
Milton Keynes,2020-09-15,1.0,4.0,6.0,9.0,16.0,inferred
Milton Keynes,2020-09-16,1.0,4.0,6.0,9.0,16.0,inferred
Milton Keynes,2020-09-17,1.0,4.0,7.0,9.0,16.0,inferred
Milton Keynes,2020-09-18,1.0,5.0,7.0,10.0,17.0,inferred
Milton Keynes,2020-09-19,2.0,5.0,7.0,10.0,17.0,inferred
Milton Keynes,2020-09-20,2.0,5.0,8.0,11.0,18.0,inferred
Milton Keynes,2020-09-21,2.0,6.0,8.0,11.0,19.0,inferred
Milton Keynes,2020-09-22,2.0,6.0,9.0,12.0,19.0,inferred
Milton Keynes,2020-09-23,3.0,6.0,9.0,12.0,20.0,inferred
Milton Keynes,2020-09-24,2.0,6.0,9.0,13.0,20.0,inferred
Milton Keynes,2020-09-25,2.0,6.0,9.0,13.0,21.0,inferred
Milton Keynes,2020-09-26,3.0,7.0,9.0,13.0,21.0,inferred
Milton Keynes,2020-09-27,3.0,8.0,11.0,14.0,22.0,inferred
Milton Keynes,2020-09-28,4.0,9.0,12.0,15.0,24.0,inferred
Milton Keynes,2020-09-29,4.0,9.0,13.0,17.0,25.0,inferred
Milton Keynes,2020-09-30,5.0,10.0,14.0,18.0,27.0,inferred
Milton Keynes,2020-10-01,6.0,11.0,15.0,19.0,29.0,inferred
Milton Keynes,2020-10-02,7.0,13.0,17.0,21.0,31.0,inferred
Milton Keynes,2020-10-03,8.0,14.0,18.0,22.0,32.0,inferred
Milton Keynes,2020-10-04,9.0,15.0,19.0,24.0,34.0,inferred
Milton Keynes,2020-10-05,10.0,16.0,21.0,26.0,36.0,inferred
Milton Keynes,2020-10-06,11.0,18.0,22.0,27.0,38.0,inferred
Milton Keynes,2020-10-07,11.0,19.0,23.0,28.2,40.0,inferred
Milton Keynes,2020-10-08,12.0,20.0,24.0,30.0,41.0,inferred
Milton Keynes,2020-10-09,13.0,20.0,25.0,31.0,43.0,inferred
Milton Keynes,2020-10-10,13.0,21.0,26.0,31.0,43.0,inferred
Milton Keynes,2020-10-11,13.0,21.0,26.0,31.0,44.0,inferred
Milton Keynes,2020-10-12,13.0,21.0,26.0,31.0,42.0,inferred
Milton Keynes,2020-10-13,14.0,21.0,26.0,32.0,43.0,inferred
Milton Keynes,2020-10-14,14.0,23.0,27.0,33.0,45.0,inferred
Milton Keynes,2020-10-15,15.0,24.0,29.0,34.0,46.0,inferred
Milton Keynes,2020-10-16,16.0,24.0,30.0,36.0,49.0,inferred
Milton Keynes,2020-10-17,16.0,26.0,31.0,37.0,50.0,inferred
Milton Keynes,2020-10-18,18.0,27.0,33.0,39.0,51.0,inferred
Milton Keynes,2020-10-19,20.0,29.0,35.0,41.0,55.0,inferred
Milton Keynes,2020-10-20,22.0,31.0,37.0,43.0,57.0,inferred
Milton Keynes,2020-10-21,22.0,32.0,38.0,45.0,58.0,inferred
Milton Keynes,2020-10-22,23.0,33.0,40.0,46.0,61.0,inferred
Milton Keynes,2020-10-23,24.0,34.0,41.0,48.0,62.0,inferred
Milton Keynes,2020-10-24,25.0,35.0,41.0,48.0,61.0,inferred
Milton Keynes,2020-10-25,25.0,36.0,42.0,49.0,62.0,inferred
Milton Keynes,2020-10-26,26.0,37.0,44.0,50.0,64.0,inferred
Milton Keynes,2020-10-27,26.0,38.0,44.0,51.0,66.0,inferred
Milton Keynes,2020-10-28,26.0,38.0,45.0,52.0,68.0,inferred
Milton Keynes,2020-10-29,26.0,38.0,45.0,53.0,68.0,inferred
Milton Keynes,2020-10-30,26.0,38.0,46.0,55.0,72.0,inferred
Mole Valley,2020-08-01,0.0,0.0,0.0,0.0,2.0,inferred
Mole Valley,2020-08-02,0.0,0.0,0.0,0.0,2.0,inferred
Mole Valley,2020-08-03,0.0,0.0,0.0,0.0,3.0,inferred
Mole Valley,2020-08-04,0.0,0.0,0.0,0.0,3.0,inferred
Mole Valley,2020-08-05,0.0,0.0,0.0,0.0,3.0,inferred
Mole Valley,2020-08-06,0.0,0.0,0.0,0.0,3.0,inferred
Mole Valley,2020-08-07,0.0,0.0,0.0,0.0,3.0,inferred
Mole Valley,2020-08-08,0.0,0.0,0.0,0.0,3.0,inferred
Mole Valley,2020-08-09,0.0,0.0,0.0,0.0,3.0,inferred
Mole Valley,2020-08-10,0.0,0.0,0.0,0.0,3.0,inferred
Mole Valley,2020-08-11,0.0,0.0,0.0,0.0,3.0,inferred
Mole Valley,2020-08-12,0.0,0.0,0.0,1.0,3.0,inferred
Mole Valley,2020-08-13,0.0,0.0,0.0,1.0,3.0,inferred
Mole Valley,2020-08-14,0.0,0.0,0.0,1.0,3.0,inferred
Mole Valley,2020-08-15,0.0,0.0,0.0,1.0,4.0,inferred
Mole Valley,2020-08-16,0.0,0.0,0.0,1.0,4.0,inferred
Mole Valley,2020-08-17,0.0,0.0,0.0,1.0,4.0,inferred
Mole Valley,2020-08-18,0.0,0.0,0.0,1.0,4.0,inferred
Mole Valley,2020-08-19,0.0,0.0,0.0,1.0,4.0,inferred
Mole Valley,2020-08-20,0.0,0.0,0.0,1.0,5.0,inferred
Mole Valley,2020-08-21,0.0,0.0,1.0,2.0,5.0,inferred
Mole Valley,2020-08-22,0.0,0.0,1.0,2.0,5.0,inferred
Mole Valley,2020-08-23,0.0,0.0,1.0,2.0,5.0,inferred
Mole Valley,2020-08-24,0.0,0.0,1.0,2.0,6.0,inferred
Mole Valley,2020-08-25,0.0,0.0,1.0,2.0,6.0,inferred
Mole Valley,2020-08-26,0.0,0.0,1.0,2.0,6.0,inferred
Mole Valley,2020-08-27,0.0,0.0,1.0,2.0,6.0,inferred
Mole Valley,2020-08-28,0.0,0.0,1.0,2.0,7.0,inferred
Mole Valley,2020-08-29,0.0,0.0,1.0,2.0,7.0,inferred
Mole Valley,2020-08-30,0.0,0.0,1.0,2.0,6.0,inferred
Mole Valley,2020-08-31,0.0,0.0,1.0,2.0,6.0,inferred
Mole Valley,2020-09-01,0.0,0.0,1.0,2.0,6.0,inferred
Mole Valley,2020-09-02,0.0,0.0,1.0,2.0,6.0,inferred
Mole Valley,2020-09-03,0.0,0.0,1.0,2.0,6.0,inferred
Mole Valley,2020-09-04,0.0,0.0,1.0,2.0,6.0,inferred
Mole Valley,2020-09-05,0.0,0.0,1.0,2.0,6.0,inferred
Mole Valley,2020-09-06,0.0,0.0,1.0,2.0,6.0,inferred
Mole Valley,2020-09-07,0.0,0.0,1.0,2.0,6.0,inferred
Mole Valley,2020-09-08,0.0,0.0,1.0,2.0,6.0,inferred
Mole Valley,2020-09-09,0.0,0.0,1.0,2.0,6.0,inferred
Mole Valley,2020-09-10,0.0,0.0,1.0,2.0,6.0,inferred
Mole Valley,2020-09-11,0.0,0.0,1.0,2.0,5.0,inferred
Mole Valley,2020-09-12,0.0,0.0,1.0,2.0,5.0,inferred
Mole Valley,2020-09-13,0.0,0.0,1.0,2.0,5.0,inferred
Mole Valley,2020-09-14,0.0,0.0,1.0,2.0,5.0,inferred
Mole Valley,2020-09-15,0.0,0.0,1.0,2.0,5.0,inferred
Mole Valley,2020-09-16,0.0,0.0,1.0,2.0,5.0,inferred
Mole Valley,2020-09-17,0.0,0.0,1.0,2.0,5.0,inferred
Mole Valley,2020-09-18,0.0,0.0,1.0,2.0,6.0,inferred
Mole Valley,2020-09-19,0.0,0.0,1.0,2.0,5.0,inferred
Mole Valley,2020-09-20,0.0,0.0,1.0,2.0,6.0,inferred
Mole Valley,2020-09-21,0.0,0.0,1.0,3.0,7.0,inferred
Mole Valley,2020-09-22,0.0,0.0,1.0,3.0,7.0,inferred
Mole Valley,2020-09-23,0.0,1.0,2.0,3.0,8.0,inferred
Mole Valley,2020-09-24,0.0,1.0,2.0,3.0,8.0,inferred
Mole Valley,2020-09-25,0.0,1.0,2.0,4.0,8.0,inferred
Mole Valley,2020-09-26,0.0,1.0,2.0,4.0,9.0,inferred
Mole Valley,2020-09-27,0.0,2.0,3.0,5.0,10.0,inferred
Mole Valley,2020-09-28,0.0,2.0,4.0,6.0,12.0,inferred
Mole Valley,2020-09-29,0.0,3.0,5.0,7.0,14.0,inferred
Mole Valley,2020-09-30,1.0,3.0,6.0,8.0,16.0,inferred
Mole Valley,2020-10-01,1.0,4.0,7.0,10.0,17.0,inferred
Mole Valley,2020-10-02,2.0,5.0,8.0,11.0,18.0,inferred
Mole Valley,2020-10-03,2.0,6.0,9.0,12.0,19.0,inferred
Mole Valley,2020-10-04,2.0,6.0,9.0,12.0,20.0,inferred
Mole Valley,2020-10-05,3.0,7.0,10.0,14.0,22.0,inferred
Mole Valley,2020-10-06,4.0,8.0,11.0,14.0,22.0,inferred
Mole Valley,2020-10-07,4.0,9.0,12.0,15.0,23.0,inferred
Mole Valley,2020-10-08,4.0,9.0,12.0,16.0,23.0,inferred
Mole Valley,2020-10-09,4.0,9.0,12.0,15.0,24.0,inferred
Mole Valley,2020-10-10,4.0,9.0,12.0,15.0,23.0,inferred
Mole Valley,2020-10-11,4.0,8.0,12.0,15.0,23.0,inferred
Mole Valley,2020-10-12,4.0,8.0,11.0,15.0,23.0,inferred
Mole Valley,2020-10-13,4.0,8.0,11.0,15.0,23.0,inferred
Mole Valley,2020-10-14,4.0,8.0,11.0,14.0,23.0,inferred
Mole Valley,2020-10-15,3.0,8.0,11.0,14.0,22.0,inferred
Mole Valley,2020-10-16,3.0,8.0,11.0,14.0,22.0,inferred
Mole Valley,2020-10-17,3.0,8.0,11.0,15.0,23.0,inferred
Mole Valley,2020-10-18,4.0,8.0,12.0,16.0,25.0,inferred
Mole Valley,2020-10-19,4.0,9.0,12.0,16.0,26.0,inferred
Mole Valley,2020-10-20,4.0,10.0,13.0,17.0,27.0,inferred
Mole Valley,2020-10-21,5.0,11.0,14.0,19.0,28.0,inferred
Mole Valley,2020-10-22,6.0,12.0,15.0,20.0,30.0,inferred
Mole Valley,2020-10-23,6.0,12.0,16.0,21.0,30.0,inferred
Mole Valley,2020-10-24,7.0,13.0,17.0,22.0,32.0,inferred
Mole Valley,2020-10-25,8.0,14.0,18.0,23.0,34.0,inferred
Mole Valley,2020-10-26,8.0,15.0,19.0,24.0,35.0,inferred
Mole Valley,2020-10-27,9.0,16.0,22.0,27.0,39.0,inferred
Mole Valley,2020-10-28,12.0,20.0,25.0,31.0,44.0,inferred
Mole Valley,2020-10-29,15.0,24.0,30.0,37.0,50.0,inferred
Mole Valley,2020-10-30,18.0,28.0,35.0,43.0,60.0,inferred
Newham,2020-08-01,0.0,1.0,2.0,3.0,8.0,inferred
Newham,2020-08-02,0.0,1.0,2.0,4.0,9.0,inferred
Newham,2020-08-03,0.0,1.0,3.0,5.0,10.0,inferred
Newham,2020-08-04,0.0,2.0,4.0,5.0,11.0,inferred
Newham,2020-08-05,0.0,2.0,4.0,6.0,12.0,inferred
Newham,2020-08-06,0.0,2.0,4.0,6.0,12.0,inferred
Newham,2020-08-07,0.0,2.0,4.0,7.0,12.0,inferred
Newham,2020-08-08,0.0,2.0,4.0,7.0,12.0,inferred
Newham,2020-08-09,0.0,2.0,4.0,7.0,12.0,inferred
Newham,2020-08-10,0.0,3.0,4.0,7.0,13.0,inferred
Newham,2020-08-11,0.0,3.0,5.0,7.0,13.0,inferred
Newham,2020-08-12,0.0,3.0,5.0,7.0,13.0,inferred
Newham,2020-08-13,0.0,3.0,5.0,7.0,14.0,inferred
Newham,2020-08-14,1.0,3.0,5.0,8.0,14.0,inferred
Newham,2020-08-15,1.0,3.0,5.0,8.0,14.0,inferred
Newham,2020-08-16,1.0,3.0,5.0,7.0,14.0,inferred
Newham,2020-08-17,1.0,3.0,5.0,7.0,13.0,inferred
Newham,2020-08-18,1.0,3.0,5.0,7.0,13.0,inferred
Newham,2020-08-19,0.0,3.0,5.0,7.0,14.0,inferred
Newham,2020-08-20,0.0,3.0,5.0,7.0,14.0,inferred
Newham,2020-08-21,0.0,3.0,5.0,8.0,14.0,inferred
Newham,2020-08-22,1.0,3.0,5.0,8.0,15.0,inferred
Newham,2020-08-23,1.0,4.0,6.0,8.0,15.0,inferred
Newham,2020-08-24,1.0,4.0,6.0,9.0,16.0,inferred
Newham,2020-08-25,1.0,5.0,7.0,10.0,17.0,inferred
Newham,2020-08-26,2.0,5.0,8.0,11.0,18.0,inferred
Newham,2020-08-27,2.0,6.0,8.0,11.0,19.0,inferred
Newham,2020-08-28,2.0,6.0,9.0,12.0,20.0,inferred
Newham,2020-08-29,3.0,6.0,9.0,12.2,20.0,inferred
Newham,2020-08-30,3.0,7.0,10.0,14.0,21.0,inferred
Newham,2020-08-31,3.0,8.0,11.0,15.0,23.0,inferred
Newham,2020-09-01,4.0,9.0,12.0,16.0,24.0,inferred
Newham,2020-09-02,4.0,10.0,13.0,17.0,26.0,inferred
Newham,2020-09-03,5.0,11.0,14.0,18.0,26.0,inferred
Newham,2020-09-04,5.0,11.0,15.0,19.0,28.0,inferred
Newham,2020-09-05,6.0,12.0,15.0,19.0,28.0,inferred
Newham,2020-09-06,6.0,12.0,16.0,19.0,29.0,inferred
Newham,2020-09-07,6.0,12.0,16.0,20.0,29.0,inferred
Newham,2020-09-08,6.0,12.0,16.0,20.0,29.0,inferred
Newham,2020-09-09,7.0,12.0,16.0,20.0,29.0,inferred
Newham,2020-09-10,6.0,12.0,16.0,20.0,30.0,inferred
Newham,2020-09-11,6.0,12.0,16.0,20.0,30.0,inferred
Newham,2020-09-12,6.0,12.0,15.0,20.0,29.0,inferred
Newham,2020-09-13,6.0,12.0,15.0,20.0,29.0,inferred
Newham,2020-09-14,6.0,12.0,16.0,21.0,30.0,inferred
Newham,2020-09-15,7.0,13.0,17.0,22.0,31.0,inferred
Newham,2020-09-16,8.0,14.0,19.0,23.0,33.0,inferred
Newham,2020-09-17,9.0,16.0,20.0,24.0,34.0,inferred
Newham,2020-09-18,10.0,16.0,21.0,26.0,36.0,inferred
Newham,2020-09-19,10.0,18.0,22.0,27.0,38.0,inferred
Newham,2020-09-20,11.0,19.0,23.0,29.0,40.0,inferred
Newham,2020-09-21,13.0,20.0,25.0,30.0,41.0,inferred
Newham,2020-09-22,14.0,22.0,26.0,32.0,43.0,inferred
Newham,2020-09-23,14.0,22.0,27.0,32.0,45.0,inferred
Newham,2020-09-24,15.0,23.0,29.0,34.0,46.0,inferred
Newham,2020-09-25,15.0,25.0,30.0,36.0,50.0,inferred
Newham,2020-09-26,16.0,25.0,31.0,37.0,51.0,inferred
Newham,2020-09-27,18.0,27.0,32.0,39.0,54.0,inferred
Newham,2020-09-28,19.0,28.0,35.0,41.0,56.0,inferred
Newham,2020-09-29,19.0,30.0,36.0,43.0,59.0,inferred
Newham,2020-09-30,21.0,31.0,38.0,45.0,60.0,inferred
Newham,2020-10-01,22.0,33.0,39.0,46.0,60.0,inferred
Newham,2020-10-02,24.0,34.0,40.0,46.0,62.0,inferred
Newham,2020-10-03,24.0,34.0,41.0,48.0,62.0,inferred
Newham,2020-10-04,25.0,36.0,42.0,48.0,63.0,inferred
Newham,2020-10-05,26.0,37.0,44.0,51.0,65.0,inferred
Newham,2020-10-06,28.0,39.0,45.0,52.0,67.0,inferred
Newham,2020-10-07,30.0,41.0,48.0,55.0,70.0,inferred
Newham,2020-10-08,31.0,43.0,50.0,58.0,73.0,inferred
Newham,2020-10-09,31.0,44.0,51.0,59.0,77.0,inferred
Newham,2020-10-10,32.0,45.0,52.0,61.0,77.0,inferred
Newham,2020-10-11,34.0,46.0,54.0,63.0,81.0,inferred
Newham,2020-10-12,35.0,48.0,56.0,65.0,83.0,inferred
Newham,2020-10-13,37.0,50.0,58.0,66.0,83.0,inferred
Newham,2020-10-14,38.0,52.0,60.0,68.0,86.0,inferred
Newham,2020-10-15,40.0,53.0,62.0,71.0,89.0,inferred
Newham,2020-10-16,43.0,56.0,65.0,74.0,91.0,inferred
Newham,2020-10-17,45.0,59.0,67.0,76.0,93.0,inferred
Newham,2020-10-18,47.0,61.0,70.0,79.0,99.0,inferred
Newham,2020-10-19,50.0,64.0,72.0,82.0,100.0,inferred
Newham,2020-10-20,51.0,66.0,75.0,84.0,103.0,inferred
Newham,2020-10-21,55.0,69.0,78.0,87.0,106.0,inferred
Newham,2020-10-22,55.0,71.0,80.0,90.0,109.0,inferred
Newham,2020-10-23,57.0,73.8,83.0,93.0,112.0,inferred
Newham,2020-10-24,58.0,75.0,84.0,95.0,114.0,inferred
Newham,2020-10-25,60.0,77.0,87.0,98.0,121.0,inferred
Newham,2020-10-26,62.0,78.0,89.0,100.0,123.0,inferred
Newham,2020-10-27,64.0,81.0,90.0,102.0,126.0,inferred
Newham,2020-10-28,65.0,82.0,93.0,105.0,129.0,inferred
Newham,2020-10-29,65.0,84.0,96.0,110.0,136.0,inferred
Newham,2020-10-30,66.0,86.0,98.0,114.0,146.0,inferred
North Hertfordshire,2020-08-01,0.0,0.0,0.0,1.0,3.0,inferred
North Hertfordshire,2020-08-02,0.0,0.0,0.0,1.0,4.0,inferred
North Hertfordshire,2020-08-03,0.0,0.0,0.0,1.0,3.0,inferred
North Hertfordshire,2020-08-04,0.0,0.0,0.0,1.0,4.0,inferred
North Hertfordshire,2020-08-05,0.0,0.0,0.0,1.0,4.0,inferred
North Hertfordshire,2020-08-06,0.0,0.0,0.0,1.0,4.0,inferred
North Hertfordshire,2020-08-07,0.0,0.0,0.0,1.0,4.0,inferred
North Hertfordshire,2020-08-08,0.0,0.0,0.0,1.0,4.0,inferred
North Hertfordshire,2020-08-09,0.0,0.0,0.0,1.2,5.0,inferred
North Hertfordshire,2020-08-10,0.0,0.0,1.0,2.0,5.0,inferred
North Hertfordshire,2020-08-11,0.0,0.0,1.0,2.0,5.0,inferred
North Hertfordshire,2020-08-12,0.0,0.0,1.0,2.0,6.0,inferred
North Hertfordshire,2020-08-13,0.0,0.0,1.0,2.0,6.0,inferred
North Hertfordshire,2020-08-14,0.0,0.0,1.0,2.0,6.0,inferred
North Hertfordshire,2020-08-15,0.0,0.0,1.0,2.0,6.0,inferred
North Hertfordshire,2020-08-16,0.0,0.0,1.0,2.0,6.0,inferred
North Hertfordshire,2020-08-17,0.0,0.0,1.0,2.0,6.0,inferred
North Hertfordshire,2020-08-18,0.0,0.0,1.0,2.0,6.0,inferred
North Hertfordshire,2020-08-19,0.0,0.0,1.0,2.0,6.0,inferred
North Hertfordshire,2020-08-20,0.0,0.0,1.0,2.0,6.0,inferred
North Hertfordshire,2020-08-21,0.0,0.0,1.0,2.0,7.0,inferred
North Hertfordshire,2020-08-22,0.0,0.0,1.0,3.0,7.0,inferred
North Hertfordshire,2020-08-23,0.0,0.0,1.0,3.0,7.0,inferred
North Hertfordshire,2020-08-24,0.0,0.0,1.0,3.0,7.0,inferred
North Hertfordshire,2020-08-25,0.0,0.0,1.0,3.0,7.0,inferred
North Hertfordshire,2020-08-26,0.0,0.0,1.0,3.0,7.0,inferred
North Hertfordshire,2020-08-27,0.0,0.0,1.0,3.0,7.0,inferred
North Hertfordshire,2020-08-28,0.0,0.0,1.0,3.0,7.0,inferred
North Hertfordshire,2020-08-29,0.0,0.0,1.0,3.0,6.0,inferred
North Hertfordshire,2020-08-30,0.0,0.0,1.0,3.0,7.0,inferred
North Hertfordshire,2020-08-31,0.0,0.0,1.5,3.0,7.0,inferred
North Hertfordshire,2020-09-01,0.0,1.0,2.0,3.0,8.0,inferred
North Hertfordshire,2020-09-02,0.0,1.0,2.0,4.0,8.0,inferred
North Hertfordshire,2020-09-03,0.0,1.0,2.0,4.0,9.0,inferred
North Hertfordshire,2020-09-04,0.0,1.0,2.0,4.0,9.0,inferred
North Hertfordshire,2020-09-05,0.0,1.0,3.0,4.0,9.0,inferred
North Hertfordshire,2020-09-06,0.0,1.0,3.0,5.0,10.0,inferred
North Hertfordshire,2020-09-07,0.0,1.0,3.0,5.0,10.0,inferred
North Hertfordshire,2020-09-08,0.0,1.0,3.0,4.0,10.0,inferred
North Hertfordshire,2020-09-09,0.0,1.0,3.0,4.0,9.0,inferred
North Hertfordshire,2020-09-10,0.0,1.0,3.0,5.0,10.0,inferred
North Hertfordshire,2020-09-11,0.0,1.0,3.0,5.0,10.0,inferred
North Hertfordshire,2020-09-12,0.0,1.0,3.0,5.0,10.0,inferred
North Hertfordshire,2020-09-13,0.0,2.0,3.0,5.0,10.0,inferred
North Hertfordshire,2020-09-14,0.0,1.0,3.0,5.0,10.0,inferred
North Hertfordshire,2020-09-15,0.0,1.0,3.0,5.0,10.0,inferred
North Hertfordshire,2020-09-16,0.0,1.0,3.0,4.0,10.0,inferred
North Hertfordshire,2020-09-17,0.0,1.0,2.0,4.0,9.0,inferred
North Hertfordshire,2020-09-18,0.0,1.0,2.0,4.0,9.0,inferred
North Hertfordshire,2020-09-19,0.0,1.0,3.0,5.0,9.0,inferred
North Hertfordshire,2020-09-20,0.0,1.0,3.0,5.0,9.0,inferred
North Hertfordshire,2020-09-21,0.0,2.0,3.0,5.0,10.0,inferred
North Hertfordshire,2020-09-22,0.0,2.0,3.0,5.0,10.0,inferred
North Hertfordshire,2020-09-23,0.0,2.0,3.0,5.0,10.0,inferred
North Hertfordshire,2020-09-24,0.0,2.0,3.0,6.0,11.0,inferred
North Hertfordshire,2020-09-25,0.0,2.0,4.0,6.0,11.0,inferred
North Hertfordshire,2020-09-26,0.0,2.0,4.0,6.0,12.0,inferred
North Hertfordshire,2020-09-27,0.0,3.0,5.0,7.0,13.0,inferred
North Hertfordshire,2020-09-28,1.0,3.0,5.0,8.0,14.0,inferred
North Hertfordshire,2020-09-29,1.0,4.0,6.0,9.0,15.0,inferred
North Hertfordshire,2020-09-30,1.0,5.0,7.0,10.0,17.0,inferred
North Hertfordshire,2020-10-01,2.0,6.0,8.0,11.0,18.0,inferred
North Hertfordshire,2020-10-02,2.0,6.0,9.0,12.0,20.0,inferred
North Hertfordshire,2020-10-03,3.0,7.0,10.0,14.0,21.0,inferred
North Hertfordshire,2020-10-04,3.0,8.0,11.0,14.0,22.0,inferred
North Hertfordshire,2020-10-05,4.0,8.0,11.0,15.0,23.0,inferred
North Hertfordshire,2020-10-06,3.0,8.0,11.0,15.0,23.0,inferred
North Hertfordshire,2020-10-07,3.0,8.0,11.0,14.0,22.0,inferred
North Hertfordshire,2020-10-08,3.0,7.0,10.5,14.0,22.0,inferred
North Hertfordshire,2020-10-09,3.0,7.0,10.0,14.0,22.0,inferred
North Hertfordshire,2020-10-10,3.0,8.0,11.0,14.0,22.0,inferred
North Hertfordshire,2020-10-11,3.0,8.0,11.0,14.0,22.0,inferred
North Hertfordshire,2020-10-12,3.0,8.0,11.0,15.0,24.0,inferred
North Hertfordshire,2020-10-13,4.0,8.0,12.0,16.0,24.0,inferred
North Hertfordshire,2020-10-14,4.0,9.0,12.0,16.0,24.0,inferred
North Hertfordshire,2020-10-15,4.0,9.0,12.0,16.0,25.0,inferred
North Hertfordshire,2020-10-16,4.0,9.0,12.0,17.0,25.0,inferred
North Hertfordshire,2020-10-17,4.0,9.0,13.0,17.0,25.0,inferred
North Hertfordshire,2020-10-18,4.0,10.0,13.0,17.0,26.0,inferred
North Hertfordshire,2020-10-19,5.0,11.0,14.0,18.0,27.0,inferred
North Hertfordshire,2020-10-20,6.0,11.0,15.0,19.0,28.0,inferred
North Hertfordshire,2020-10-21,6.0,12.0,16.0,19.0,28.0,inferred
North Hertfordshire,2020-10-22,7.0,13.0,16.0,20.0,30.0,inferred
North Hertfordshire,2020-10-23,7.0,13.0,17.0,21.0,30.0,inferred
North Hertfordshire,2020-10-24,7.0,14.0,18.0,22.0,31.0,inferred
North Hertfordshire,2020-10-25,8.0,14.0,18.0,23.0,33.0,inferred
North Hertfordshire,2020-10-26,9.0,15.0,19.0,24.0,33.0,inferred
North Hertfordshire,2020-10-27,10.0,16.0,20.0,25.0,35.0,inferred
North Hertfordshire,2020-10-28,10.0,17.0,22.0,26.0,37.0,inferred
North Hertfordshire,2020-10-29,11.0,19.0,23.0,28.0,38.0,inferred
North Hertfordshire,2020-10-30,12.0,20.0,25.0,30.0,42.0,inferred
North Warwickshire,2020-08-01,0.0,0.0,0.0,1.0,3.0,inferred
North Warwickshire,2020-08-02,0.0,0.0,0.0,0.0,2.0,inferred
North Warwickshire,2020-08-03,0.0,0.0,0.0,0.0,2.0,inferred
North Warwickshire,2020-08-04,0.0,0.0,0.0,0.0,2.0,inferred
North Warwickshire,2020-08-05,0.0,0.0,0.0,0.0,2.0,inferred
North Warwickshire,2020-08-06,0.0,0.0,0.0,0.0,3.0,inferred
North Warwickshire,2020-08-07,0.0,0.0,0.0,0.0,3.0,inferred
North Warwickshire,2020-08-08,0.0,0.0,0.0,0.0,3.0,inferred
North Warwickshire,2020-08-09,0.0,0.0,0.0,1.0,3.0,inferred
North Warwickshire,2020-08-10,0.0,0.0,0.0,1.0,3.0,inferred
North Warwickshire,2020-08-11,0.0,0.0,0.0,1.0,4.0,inferred
North Warwickshire,2020-08-12,0.0,0.0,0.0,1.0,3.0,inferred
North Warwickshire,2020-08-13,0.0,0.0,0.0,1.0,4.0,inferred
North Warwickshire,2020-08-14,0.0,0.0,0.0,1.0,3.0,inferred
North Warwickshire,2020-08-15,0.0,0.0,0.0,1.0,4.0,inferred
North Warwickshire,2020-08-16,0.0,0.0,0.0,1.0,3.0,inferred
North Warwickshire,2020-08-17,0.0,0.0,0.0,1.0,3.0,inferred
North Warwickshire,2020-08-18,0.0,0.0,0.0,1.0,4.0,inferred
North Warwickshire,2020-08-19,0.0,0.0,0.0,1.0,4.0,inferred
North Warwickshire,2020-08-20,0.0,0.0,0.0,1.0,3.0,inferred
North Warwickshire,2020-08-21,0.0,0.0,0.0,1.0,4.0,inferred
North Warwickshire,2020-08-22,0.0,0.0,0.0,1.0,4.0,inferred
North Warwickshire,2020-08-23,0.0,0.0,0.0,1.0,4.0,inferred
North Warwickshire,2020-08-24,0.0,0.0,0.0,1.0,4.0,inferred
North Warwickshire,2020-08-25,0.0,0.0,0.0,1.0,4.0,inferred
North Warwickshire,2020-08-26,0.0,0.0,0.0,1.0,4.0,inferred
North Warwickshire,2020-08-27,0.0,0.0,0.0,1.0,5.0,inferred
North Warwickshire,2020-08-28,0.0,0.0,1.0,2.0,5.0,inferred
North Warwickshire,2020-08-29,0.0,0.0,1.0,2.0,5.0,inferred
North Warwickshire,2020-08-30,0.0,0.0,1.0,2.0,5.0,inferred
North Warwickshire,2020-08-31,0.0,0.0,1.0,2.0,5.0,inferred
North Warwickshire,2020-09-01,0.0,0.0,1.0,2.0,5.0,inferred
North Warwickshire,2020-09-02,0.0,0.0,1.0,2.0,6.0,inferred
North Warwickshire,2020-09-03,0.0,0.0,1.0,2.0,6.0,inferred
North Warwickshire,2020-09-04,0.0,0.0,1.0,2.0,6.0,inferred
North Warwickshire,2020-09-05,0.0,0.0,1.0,2.0,6.0,inferred
North Warwickshire,2020-09-06,0.0,0.0,1.0,2.0,6.0,inferred
North Warwickshire,2020-09-07,0.0,0.0,1.0,2.0,6.0,inferred
North Warwickshire,2020-09-08,0.0,0.0,1.0,2.0,6.0,inferred
North Warwickshire,2020-09-09,0.0,0.0,1.0,2.0,6.0,inferred
North Warwickshire,2020-09-10,0.0,0.0,1.0,3.0,6.0,inferred
North Warwickshire,2020-09-11,0.0,0.0,1.0,3.0,7.0,inferred
North Warwickshire,2020-09-12,0.0,0.0,1.0,3.0,7.0,inferred
North Warwickshire,2020-09-13,0.0,1.0,2.0,3.0,7.0,inferred
North Warwickshire,2020-09-14,0.0,1.0,2.0,4.0,8.0,inferred
North Warwickshire,2020-09-15,0.0,1.0,2.0,4.0,9.0,inferred
North Warwickshire,2020-09-16,0.0,1.0,2.0,4.0,9.0,inferred
North Warwickshire,2020-09-17,0.0,1.0,2.0,4.0,9.0,inferred
North Warwickshire,2020-09-18,0.0,1.0,3.0,4.0,9.0,inferred
North Warwickshire,2020-09-19,0.0,1.0,3.0,5.0,10.0,inferred
North Warwickshire,2020-09-20,0.0,1.0,3.0,5.0,9.0,inferred
North Warwickshire,2020-09-21,0.0,2.0,3.0,5.0,10.0,inferred
North Warwickshire,2020-09-22,0.0,2.0,3.0,6.0,11.0,inferred
North Warwickshire,2020-09-23,0.0,2.0,4.0,6.0,12.0,inferred
North Warwickshire,2020-09-24,0.0,2.0,4.0,6.0,12.0,inferred
North Warwickshire,2020-09-25,0.0,2.0,4.0,6.0,12.0,inferred
North Warwickshire,2020-09-26,0.0,2.0,4.0,7.0,12.0,inferred
North Warwickshire,2020-09-27,0.0,3.0,4.0,7.0,13.0,inferred
North Warwickshire,2020-09-28,0.0,3.0,5.0,7.0,13.0,inferred
North Warwickshire,2020-09-29,1.0,3.0,5.0,7.0,13.0,inferred
North Warwickshire,2020-09-30,1.0,3.0,5.0,8.0,14.0,inferred
North Warwickshire,2020-10-01,1.0,4.0,6.0,8.0,15.0,inferred
North Warwickshire,2020-10-02,1.0,4.0,6.0,9.0,15.0,inferred
North Warwickshire,2020-10-03,1.0,4.0,6.0,9.0,16.0,inferred
North Warwickshire,2020-10-04,1.0,4.0,7.0,9.0,16.0,inferred
North Warwickshire,2020-10-05,1.0,5.0,7.0,10.0,17.0,inferred
North Warwickshire,2020-10-06,2.0,5.0,8.0,10.0,18.0,inferred
North Warwickshire,2020-10-07,2.0,5.0,8.0,11.0,18.0,inferred
North Warwickshire,2020-10-08,2.0,6.0,8.0,11.0,19.0,inferred
North Warwickshire,2020-10-09,2.0,6.0,9.0,12.0,19.0,inferred
North Warwickshire,2020-10-10,2.0,6.0,9.0,12.0,19.0,inferred
North Warwickshire,2020-10-11,2.0,6.0,9.0,12.0,20.0,inferred
North Warwickshire,2020-10-12,2.0,7.0,10.0,13.0,20.0,inferred
North Warwickshire,2020-10-13,3.0,7.0,10.0,14.0,21.0,inferred
North Warwickshire,2020-10-14,4.0,8.0,11.0,14.0,22.0,inferred
North Warwickshire,2020-10-15,4.0,9.0,12.0,16.0,25.0,inferred
North Warwickshire,2020-10-16,5.0,10.0,13.0,17.0,27.0,inferred
North Warwickshire,2020-10-17,5.0,11.0,14.0,18.0,28.0,inferred
North Warwickshire,2020-10-18,6.0,12.0,15.0,20.0,29.0,inferred
North Warwickshire,2020-10-19,7.0,13.0,17.0,22.0,31.0,inferred
North Warwickshire,2020-10-20,7.0,14.0,18.0,23.0,34.0,inferred
North Warwickshire,2020-10-21,8.0,15.0,20.0,25.0,36.0,inferred
North Warwickshire,2020-10-22,9.0,16.0,20.0,26.0,38.0,inferred
North Warwickshire,2020-10-23,9.0,17.0,22.0,27.0,39.0,inferred
North Warwickshire,2020-10-24,10.0,18.0,23.0,28.0,40.0,inferred
North Warwickshire,2020-10-25,10.0,18.0,24.0,29.0,42.0,inferred
North Warwickshire,2020-10-26,11.0,20.0,25.0,31.0,43.0,inferred
North Warwickshire,2020-10-27,11.0,20.0,26.0,32.0,46.0,inferred
North Warwickshire,2020-10-28,12.0,21.0,26.0,33.0,48.0,inferred
North Warwickshire,2020-10-29,13.0,21.0,28.0,35.0,51.0,inferred
North Warwickshire,2020-10-30,13.0,22.0,29.0,38.0,55.0,inferred
Northampton,2020-08-01,3.0,7.0,10.0,13.0,21.0,inferred
Northampton,2020-08-02,3.0,8.0,11.0,14.0,23.0,inferred
Northampton,2020-08-03,4.0,9.0,12.0,15.0,23.0,inferred
Northampton,2020-08-04,5.0,10.0,13.0,16.2,25.0,inferred
Northampton,2020-08-05,5.0,10.0,14.0,18.0,26.0,inferred
Northampton,2020-08-06,6.0,11.0,15.0,19.0,28.0,inferred
Northampton,2020-08-07,7.0,13.0,17.0,21.0,31.0,inferred
Northampton,2020-08-08,9.0,15.0,19.0,24.0,34.0,inferred
Northampton,2020-08-09,10.0,18.0,22.0,27.0,38.0,inferred
Northampton,2020-08-10,12.0,19.0,24.0,30.0,42.0,inferred
Northampton,2020-08-11,12.0,20.0,26.0,31.0,44.0,inferred
Northampton,2020-08-12,12.0,20.0,26.0,31.0,43.0,inferred
Northampton,2020-08-13,10.0,19.0,24.0,29.0,40.0,inferred
Northampton,2020-08-14,9.0,16.0,21.0,26.0,36.0,inferred
Northampton,2020-08-15,7.0,14.0,18.0,22.0,32.0,inferred
Northampton,2020-08-16,6.0,12.0,15.0,20.0,29.0,inferred
Northampton,2020-08-17,6.0,11.0,14.0,18.0,27.0,inferred
Northampton,2020-08-18,5.0,10.0,14.0,18.0,27.0,inferred
Northampton,2020-08-19,5.0,10.0,13.0,17.0,27.0,inferred
Northampton,2020-08-20,4.0,9.0,13.0,17.0,26.0,inferred
Northampton,2020-08-21,4.0,9.0,12.0,16.0,26.0,inferred
Northampton,2020-08-22,3.0,8.0,11.0,16.0,25.0,inferred
Northampton,2020-08-23,3.0,7.0,11.0,15.0,23.0,inferred
Northampton,2020-08-24,3.0,7.0,10.0,13.0,21.0,inferred
Northampton,2020-08-25,2.0,6.0,9.0,12.0,20.0,inferred
Northampton,2020-08-26,2.0,6.0,8.0,12.0,19.0,inferred
Northampton,2020-08-27,2.0,5.0,8.0,11.0,19.0,inferred
Northampton,2020-08-28,1.0,5.0,7.0,10.0,18.0,inferred
Northampton,2020-08-29,2.0,5.0,8.0,11.0,19.0,inferred
Northampton,2020-08-30,2.0,5.0,8.0,11.0,19.0,inferred
Northampton,2020-08-31,2.0,6.0,9.0,12.0,20.0,inferred
Northampton,2020-09-01,2.0,6.0,9.0,13.0,20.0,inferred
Northampton,2020-09-02,3.0,7.0,10.0,13.0,21.0,inferred
Northampton,2020-09-03,3.0,7.0,10.0,14.0,21.0,inferred
Northampton,2020-09-04,3.0,8.0,11.0,14.0,22.0,inferred
Northampton,2020-09-05,4.0,8.0,11.0,15.0,23.0,inferred
Northampton,2020-09-06,4.0,9.0,12.0,16.0,25.0,inferred
Northampton,2020-09-07,4.0,9.0,13.0,16.0,25.0,inferred
Northampton,2020-09-08,4.0,10.0,13.0,17.0,25.0,inferred
Northampton,2020-09-09,5.0,9.0,13.0,16.0,25.0,inferred
Northampton,2020-09-10,4.0,9.0,12.0,16.0,23.0,inferred
Northampton,2020-09-11,3.0,8.0,11.0,14.0,23.0,inferred
Northampton,2020-09-12,3.0,7.0,10.0,13.0,21.0,inferred
Northampton,2020-09-13,2.0,6.0,9.0,12.0,19.0,inferred
Northampton,2020-09-14,2.0,5.0,8.0,11.0,18.0,inferred
Northampton,2020-09-15,2.0,5.0,8.0,11.0,19.0,inferred
Northampton,2020-09-16,2.0,5.0,8.0,11.0,18.0,inferred
Northampton,2020-09-17,2.0,6.0,8.0,12.0,19.0,inferred
Northampton,2020-09-18,2.0,6.0,8.0,12.0,19.0,inferred
Northampton,2020-09-19,2.0,6.0,9.0,12.0,20.0,inferred
Northampton,2020-09-20,2.0,6.0,9.0,13.0,21.0,inferred
Northampton,2020-09-21,2.0,7.0,10.0,13.0,21.0,inferred
Northampton,2020-09-22,2.0,7.0,10.0,14.0,21.0,inferred
Northampton,2020-09-23,2.0,7.0,10.0,13.0,21.0,inferred
Northampton,2020-09-24,2.0,7.0,10.0,13.0,21.0,inferred
Northampton,2020-09-25,2.0,7.0,10.0,13.0,22.0,inferred
Northampton,2020-09-26,2.0,7.0,10.0,14.0,22.0,inferred
Northampton,2020-09-27,3.0,8.0,11.0,14.0,23.0,inferred
Northampton,2020-09-28,4.0,9.0,12.0,16.0,25.0,inferred
Northampton,2020-09-29,5.0,10.0,14.0,18.0,28.0,inferred
Northampton,2020-09-30,6.0,12.0,16.0,21.0,31.0,inferred
Northampton,2020-10-01,7.0,14.0,19.0,24.0,35.0,inferred
Northampton,2020-10-02,10.0,16.0,21.0,26.0,38.0,inferred
Northampton,2020-10-03,10.0,18.0,23.0,29.0,41.0,inferred
Northampton,2020-10-04,11.0,20.0,24.0,30.0,43.0,inferred
Northampton,2020-10-05,12.0,21.0,25.0,31.0,44.0,inferred
Northampton,2020-10-06,14.0,22.0,27.0,33.0,46.0,inferred
Northampton,2020-10-07,15.0,24.0,29.0,35.0,48.0,inferred
Northampton,2020-10-08,17.0,26.0,32.0,38.0,51.0,inferred
Northampton,2020-10-09,18.0,28.0,34.0,41.0,55.0,inferred
Northampton,2020-10-10,20.0,30.0,36.0,43.0,57.0,inferred
Northampton,2020-10-11,22.0,32.0,38.0,44.0,59.0,inferred
Northampton,2020-10-12,24.0,33.0,40.0,46.0,60.0,inferred
Northampton,2020-10-13,24.0,35.0,42.0,49.0,64.0,inferred
Northampton,2020-10-14,26.0,37.0,44.0,51.0,66.0,inferred
Northampton,2020-10-15,26.0,38.0,46.0,53.0,69.0,inferred
Northampton,2020-10-16,27.0,39.0,46.0,54.0,70.0,inferred
Northampton,2020-10-17,28.0,40.0,47.0,56.0,73.0,inferred
Northampton,2020-10-18,29.0,42.0,49.0,58.0,77.0,inferred
Northampton,2020-10-19,30.0,43.0,51.0,60.0,80.0,inferred
Northampton,2020-10-20,32.0,45.0,53.0,63.0,83.0,inferred
Northampton,2020-10-21,32.0,46.0,55.0,65.0,87.0,inferred
Northampton,2020-10-22,34.0,48.0,56.0,66.0,86.0,inferred
Northampton,2020-10-23,35.0,49.0,57.0,65.0,84.0,inferred
Northampton,2020-10-24,36.0,49.0,57.0,65.0,83.0,inferred
Northampton,2020-10-25,35.0,48.0,56.0,65.0,83.0,inferred
Northampton,2020-10-26,32.0,47.0,56.0,65.0,85.0,inferred
Northampton,2020-10-27,32.0,47.0,56.0,66.0,87.0,inferred
Northampton,2020-10-28,32.0,47.0,57.0,68.0,91.0,inferred
Northampton,2020-10-29,33.0,50.0,60.0,70.0,99.0,inferred
Northampton,2020-10-30,38.0,53.0,63.0,74.0,109.0,inferred
Nuneaton and Bedworth,2020-08-01,0.0,2.0,3.0,5.0,10.0,inferred
Nuneaton and Bedworth,2020-08-02,0.0,1.0,3.0,5.0,10.0,inferred
Nuneaton and Bedworth,2020-08-03,0.0,1.0,3.0,4.0,9.0,inferred
Nuneaton and Bedworth,2020-08-04,0.0,1.0,2.0,4.0,8.0,inferred
Nuneaton and Bedworth,2020-08-05,0.0,1.0,2.0,3.0,7.0,inferred
Nuneaton and Bedworth,2020-08-06,0.0,0.0,1.0,3.0,7.0,inferred
Nuneaton and Bedworth,2020-08-07,0.0,0.0,1.0,3.0,7.0,inferred
Nuneaton and Bedworth,2020-08-08,0.0,0.0,1.0,3.0,7.0,inferred
Nuneaton and Bedworth,2020-08-09,0.0,0.0,1.0,3.0,7.0,inferred
Nuneaton and Bedworth,2020-08-10,0.0,0.0,1.0,3.0,7.0,inferred
Nuneaton and Bedworth,2020-08-11,0.0,0.0,1.0,3.0,8.0,inferred
Nuneaton and Bedworth,2020-08-12,0.0,0.0,2.0,3.0,7.0,inferred
Nuneaton and Bedworth,2020-08-13,0.0,0.0,1.0,3.0,8.0,inferred
Nuneaton and Bedworth,2020-08-14,0.0,0.0,1.0,3.0,7.0,inferred
Nuneaton and Bedworth,2020-08-15,0.0,0.0,1.0,3.0,7.0,inferred
Nuneaton and Bedworth,2020-08-16,0.0,0.0,1.0,3.0,7.0,inferred
Nuneaton and Bedworth,2020-08-17,0.0,0.0,1.0,3.0,6.0,inferred
Nuneaton and Bedworth,2020-08-18,0.0,0.0,1.0,3.0,7.0,inferred
Nuneaton and Bedworth,2020-08-19,0.0,0.0,1.0,3.0,7.0,inferred
Nuneaton and Bedworth,2020-08-20,0.0,0.0,1.0,3.0,7.0,inferred
Nuneaton and Bedworth,2020-08-21,0.0,0.0,1.0,3.0,7.0,inferred
Nuneaton and Bedworth,2020-08-22,0.0,0.0,1.0,3.0,7.0,inferred
Nuneaton and Bedworth,2020-08-23,0.0,0.0,1.0,3.0,7.0,inferred
Nuneaton and Bedworth,2020-08-24,0.0,0.0,1.0,3.0,7.0,inferred
Nuneaton and Bedworth,2020-08-25,0.0,0.0,1.0,3.0,7.0,inferred
Nuneaton and Bedworth,2020-08-26,0.0,0.0,1.0,3.0,7.0,inferred
Nuneaton and Bedworth,2020-08-27,0.0,0.0,1.0,3.0,7.0,inferred
Nuneaton and Bedworth,2020-08-28,0.0,1.0,2.0,3.0,7.0,inferred
Nuneaton and Bedworth,2020-08-29,0.0,1.0,2.0,3.0,7.0,inferred
Nuneaton and Bedworth,2020-08-30,0.0,1.0,2.0,3.0,8.0,inferred
Nuneaton and Bedworth,2020-08-31,0.0,1.0,2.0,4.0,8.0,inferred
Nuneaton and Bedworth,2020-09-01,0.0,1.0,2.0,4.0,8.0,inferred
Nuneaton and Bedworth,2020-09-02,0.0,1.0,2.0,4.0,9.0,inferred
Nuneaton and Bedworth,2020-09-03,0.0,1.0,2.0,4.0,9.0,inferred
Nuneaton and Bedworth,2020-09-04,0.0,1.0,3.0,4.0,10.0,inferred
Nuneaton and Bedworth,2020-09-05,0.0,1.0,3.0,5.0,9.0,inferred
Nuneaton and Bedworth,2020-09-06,0.0,1.0,3.0,5.0,10.0,inferred
Nuneaton and Bedworth,2020-09-07,0.0,2.0,3.0,5.0,10.0,inferred
Nuneaton and Bedworth,2020-09-08,0.0,2.0,3.0,5.2,11.0,inferred
Nuneaton and Bedworth,2020-09-09,0.0,2.0,4.0,6.0,11.0,inferred
Nuneaton and Bedworth,2020-09-10,0.0,2.0,4.0,6.0,12.0,inferred
Nuneaton and Bedworth,2020-09-11,0.0,3.0,4.0,7.0,12.0,inferred
Nuneaton and Bedworth,2020-09-12,0.0,3.0,5.0,7.0,13.0,inferred
Nuneaton and Bedworth,2020-09-13,1.0,3.0,5.0,7.2,14.0,inferred
Nuneaton and Bedworth,2020-09-14,1.0,3.0,5.0,8.0,14.0,inferred
Nuneaton and Bedworth,2020-09-15,1.0,4.0,6.0,8.0,14.0,inferred
Nuneaton and Bedworth,2020-09-16,1.0,4.0,6.0,9.0,15.0,inferred
Nuneaton and Bedworth,2020-09-17,1.0,4.0,7.0,9.0,16.0,inferred
Nuneaton and Bedworth,2020-09-18,1.0,5.0,7.0,9.0,16.0,inferred
Nuneaton and Bedworth,2020-09-19,1.0,5.0,7.0,10.0,16.0,inferred
Nuneaton and Bedworth,2020-09-20,1.0,5.0,7.0,10.0,17.0,inferred
Nuneaton and Bedworth,2020-09-21,2.0,5.0,8.0,10.0,18.0,inferred
Nuneaton and Bedworth,2020-09-22,2.0,5.0,8.0,11.0,18.0,inferred
Nuneaton and Bedworth,2020-09-23,2.0,6.0,8.0,12.0,19.0,inferred
Nuneaton and Bedworth,2020-09-24,2.0,6.0,9.0,12.0,20.0,inferred
Nuneaton and Bedworth,2020-09-25,3.0,7.0,9.0,13.0,21.0,inferred
Nuneaton and Bedworth,2020-09-26,3.0,7.0,10.0,13.0,21.0,inferred
Nuneaton and Bedworth,2020-09-27,3.0,7.0,10.0,14.0,21.0,inferred
Nuneaton and Bedworth,2020-09-28,3.0,8.0,11.0,14.0,22.0,inferred
Nuneaton and Bedworth,2020-09-29,4.0,8.0,12.0,15.0,23.0,inferred
Nuneaton and Bedworth,2020-09-30,4.0,9.0,12.0,16.0,24.0,inferred
Nuneaton and Bedworth,2020-10-01,5.0,10.0,13.0,17.0,26.0,inferred
Nuneaton and Bedworth,2020-10-02,5.0,10.0,13.0,17.0,26.0,inferred
Nuneaton and Bedworth,2020-10-03,5.0,10.0,13.0,17.0,26.0,inferred
Nuneaton and Bedworth,2020-10-04,5.0,11.0,14.0,18.0,27.0,inferred
Nuneaton and Bedworth,2020-10-05,6.0,11.0,14.0,18.0,28.0,inferred
Nuneaton and Bedworth,2020-10-06,6.0,12.0,15.0,19.0,28.0,inferred
Nuneaton and Bedworth,2020-10-07,6.0,11.0,15.0,20.0,29.0,inferred
Nuneaton and Bedworth,2020-10-08,7.0,12.0,16.0,19.0,29.0,inferred
Nuneaton and Bedworth,2020-10-09,7.0,12.0,16.0,20.0,29.0,inferred
Nuneaton and Bedworth,2020-10-10,7.0,13.0,16.0,20.0,30.0,inferred
Nuneaton and Bedworth,2020-10-11,7.0,14.0,18.0,22.0,32.0,inferred
Nuneaton and Bedworth,2020-10-12,8.0,15.0,19.0,23.0,32.0,inferred
Nuneaton and Bedworth,2020-10-13,9.0,16.0,20.0,25.0,35.0,inferred
Nuneaton and Bedworth,2020-10-14,9.0,17.0,21.0,26.0,36.0,inferred
Nuneaton and Bedworth,2020-10-15,11.0,17.0,22.0,27.0,39.0,inferred
Nuneaton and Bedworth,2020-10-16,11.0,18.0,23.0,28.0,39.0,inferred
Nuneaton and Bedworth,2020-10-17,12.0,20.0,24.0,30.0,40.0,inferred
Nuneaton and Bedworth,2020-10-18,13.0,21.0,26.0,31.0,43.0,inferred
Nuneaton and Bedworth,2020-10-19,14.0,23.0,28.0,33.0,45.0,inferred
Nuneaton and Bedworth,2020-10-20,16.0,25.0,30.0,36.0,47.0,inferred
Nuneaton and Bedworth,2020-10-21,18.0,26.0,31.0,38.0,50.0,inferred
Nuneaton and Bedworth,2020-10-22,19.0,27.0,33.0,39.0,51.0,inferred
Nuneaton and Bedworth,2020-10-23,19.0,28.0,34.0,40.0,52.0,inferred
Nuneaton and Bedworth,2020-10-24,19.0,29.0,34.0,40.0,53.0,inferred
Nuneaton and Bedworth,2020-10-25,20.0,30.0,36.0,42.0,54.0,inferred
Nuneaton and Bedworth,2020-10-26,21.0,31.0,37.0,43.0,56.0,inferred
Nuneaton and Bedworth,2020-10-27,23.0,32.0,38.0,44.0,57.0,inferred
Nuneaton and Bedworth,2020-10-28,23.0,33.0,39.0,46.0,60.0,inferred
Nuneaton and Bedworth,2020-10-29,24.0,34.0,40.0,47.0,62.0,inferred
Nuneaton and Bedworth,2020-10-30,24.0,34.0,41.0,49.0,65.0,inferred
Oadby and Wigston,2020-08-01,0.0,1.0,2.0,3.0,7.0,inferred
Oadby and Wigston,2020-08-02,0.0,0.0,1.0,3.0,7.0,inferred
Oadby and Wigston,2020-08-03,0.0,0.0,1.0,2.0,6.0,inferred
Oadby and Wigston,2020-08-04,0.0,0.0,1.0,2.0,6.0,inferred
Oadby and Wigston,2020-08-05,0.0,0.0,1.0,2.0,5.0,inferred
Oadby and Wigston,2020-08-06,0.0,0.0,1.0,2.0,5.0,inferred
Oadby and Wigston,2020-08-07,0.0,0.0,1.0,2.0,5.0,inferred
Oadby and Wigston,2020-08-08,0.0,0.0,1.0,2.0,6.0,inferred
Oadby and Wigston,2020-08-09,0.0,0.0,1.0,3.0,7.0,inferred
Oadby and Wigston,2020-08-10,0.0,0.0,1.0,3.0,7.0,inferred
Oadby and Wigston,2020-08-11,0.0,0.0,1.0,3.0,8.0,inferred
Oadby and Wigston,2020-08-12,0.0,1.0,2.0,3.0,7.0,inferred
Oadby and Wigston,2020-08-13,0.0,1.0,2.0,3.0,7.0,inferred
Oadby and Wigston,2020-08-14,0.0,0.0,1.0,3.0,8.0,inferred
Oadby and Wigston,2020-08-15,0.0,0.0,1.0,3.0,7.0,inferred
Oadby and Wigston,2020-08-16,0.0,0.0,1.0,3.0,7.0,inferred
Oadby and Wigston,2020-08-17,0.0,0.0,1.0,3.0,7.0,inferred
Oadby and Wigston,2020-08-18,0.0,0.0,1.0,3.0,7.0,inferred
Oadby and Wigston,2020-08-19,0.0,1.0,2.0,3.0,8.0,inferred
Oadby and Wigston,2020-08-20,0.0,1.0,2.0,4.0,8.0,inferred
Oadby and Wigston,2020-08-21,0.0,1.0,2.0,4.0,9.0,inferred
Oadby and Wigston,2020-08-22,0.0,1.0,2.0,4.0,9.0,inferred
Oadby and Wigston,2020-08-23,0.0,1.0,2.0,4.0,8.0,inferred
Oadby and Wigston,2020-08-24,0.0,1.0,2.0,4.0,8.0,inferred
Oadby and Wigston,2020-08-25,0.0,1.0,2.0,3.0,8.0,inferred
Oadby and Wigston,2020-08-26,0.0,1.0,2.0,3.0,8.0,inferred
Oadby and Wigston,2020-08-27,0.0,1.0,2.0,3.0,7.0,inferred
Oadby and Wigston,2020-08-28,0.0,1.0,2.0,3.0,7.0,inferred
Oadby and Wigston,2020-08-29,0.0,1.0,2.0,3.0,8.0,inferred
Oadby and Wigston,2020-08-30,0.0,1.0,2.0,4.0,9.0,inferred
Oadby and Wigston,2020-08-31,0.0,1.0,2.0,4.0,9.0,inferred
Oadby and Wigston,2020-09-01,0.0,1.0,3.0,5.0,10.0,inferred
Oadby and Wigston,2020-09-02,0.0,2.0,4.0,6.0,12.0,inferred
Oadby and Wigston,2020-09-03,0.0,3.0,5.0,7.0,13.0,inferred
Oadby and Wigston,2020-09-04,1.0,3.0,5.0,8.0,14.0,inferred
Oadby and Wigston,2020-09-05,1.0,4.0,6.0,9.0,15.0,inferred
Oadby and Wigston,2020-09-06,1.0,4.0,7.0,9.0,16.0,inferred
Oadby and Wigston,2020-09-07,2.0,5.0,8.0,10.0,18.0,inferred
Oadby and Wigston,2020-09-08,2.0,5.0,8.0,11.0,19.0,inferred
Oadby and Wigston,2020-09-09,2.0,6.0,8.0,11.0,18.0,inferred
Oadby and Wigston,2020-09-10,2.0,5.0,8.0,11.0,19.0,inferred
Oadby and Wigston,2020-09-11,2.0,5.0,8.0,11.0,18.0,inferred
Oadby and Wigston,2020-09-12,1.0,5.0,7.0,10.0,17.0,inferred
Oadby and Wigston,2020-09-13,1.0,5.0,7.0,10.0,16.0,inferred
Oadby and Wigston,2020-09-14,1.0,4.0,7.0,9.0,16.0,inferred
Oadby and Wigston,2020-09-15,1.0,4.0,6.0,9.0,16.0,inferred
Oadby and Wigston,2020-09-16,1.0,4.0,6.0,9.0,15.0,inferred
Oadby and Wigston,2020-09-17,1.0,4.0,6.0,9.0,16.0,inferred
Oadby and Wigston,2020-09-18,1.0,4.0,7.0,9.0,16.0,inferred
Oadby and Wigston,2020-09-19,1.0,5.0,7.0,10.0,17.0,inferred
Oadby and Wigston,2020-09-20,1.0,5.0,7.0,11.0,18.0,inferred
Oadby and Wigston,2020-09-21,2.0,5.0,8.0,11.0,18.0,inferred
Oadby and Wigston,2020-09-22,2.0,6.0,8.0,11.0,19.0,inferred
Oadby and Wigston,2020-09-23,2.0,6.0,8.0,12.0,18.0,inferred
Oadby and Wigston,2020-09-24,2.0,6.0,8.0,11.0,18.0,inferred
Oadby and Wigston,2020-09-25,2.0,6.0,8.0,12.0,19.0,inferred
Oadby and Wigston,2020-09-26,2.0,6.0,9.0,12.0,20.0,inferred
Oadby and Wigston,2020-09-27,2.0,6.0,9.0,12.0,19.0,inferred
Oadby and Wigston,2020-09-28,2.0,6.0,9.0,12.0,20.0,inferred
Oadby and Wigston,2020-09-29,3.0,7.0,10.0,13.0,21.0,inferred
Oadby and Wigston,2020-09-30,3.0,8.0,11.0,14.0,22.0,inferred
Oadby and Wigston,2020-10-01,4.0,8.0,12.0,15.0,23.0,inferred
Oadby and Wigston,2020-10-02,4.0,9.0,12.0,16.0,25.0,inferred
Oadby and Wigston,2020-10-03,5.0,10.0,13.0,17.0,25.0,inferred
Oadby and Wigston,2020-10-04,5.0,10.0,14.0,18.0,26.0,inferred
Oadby and Wigston,2020-10-05,6.0,11.0,15.0,19.0,28.0,inferred
Oadby and Wigston,2020-10-06,6.0,12.0,16.0,20.0,29.0,inferred
Oadby and Wigston,2020-10-07,6.0,12.0,16.0,20.0,29.0,inferred
Oadby and Wigston,2020-10-08,7.0,12.0,16.0,20.0,30.0,inferred
Oadby and Wigston,2020-10-09,7.0,13.0,16.0,21.0,29.0,inferred
Oadby and Wigston,2020-10-10,8.0,14.0,17.0,22.0,31.0,inferred
Oadby and Wigston,2020-10-11,8.0,14.0,18.0,23.0,33.0,inferred
Oadby and Wigston,2020-10-12,8.0,15.0,19.0,24.0,35.0,inferred
Oadby and Wigston,2020-10-13,9.0,16.0,20.0,25.0,35.0,inferred
Oadby and Wigston,2020-10-14,10.0,16.0,21.0,26.0,36.0,inferred
Oadby and Wigston,2020-10-15,10.0,17.0,21.0,26.0,36.0,inferred
Oadby and Wigston,2020-10-16,10.0,17.0,22.0,26.0,37.0,inferred
Oadby and Wigston,2020-10-17,10.0,18.0,22.0,27.0,38.0,inferred
Oadby and Wigston,2020-10-18,10.0,18.0,22.0,27.0,38.0,inferred
Oadby and Wigston,2020-10-19,10.0,18.0,22.0,27.0,39.0,inferred
Oadby and Wigston,2020-10-20,10.0,18.0,23.0,28.0,40.0,inferred
Oadby and Wigston,2020-10-21,10.0,18.0,23.0,29.0,40.0,inferred
Oadby and Wigston,2020-10-22,11.0,19.0,24.0,30.0,41.0,inferred
Oadby and Wigston,2020-10-23,12.0,20.0,25.0,31.0,42.0,inferred
Oadby and Wigston,2020-10-24,13.0,21.0,26.0,32.0,43.0,inferred
Oadby and Wigston,2020-10-25,14.0,22.0,27.0,32.0,44.0,inferred
Oadby and Wigston,2020-10-26,14.0,23.0,28.0,33.0,44.0,inferred
Oadby and Wigston,2020-10-27,15.0,23.0,28.0,34.0,45.0,inferred
Oadby and Wigston,2020-10-28,15.0,24.0,29.0,35.0,47.0,inferred
Oadby and Wigston,2020-10-29,16.0,25.0,31.0,37.0,50.0,inferred
Oadby and Wigston,2020-10-30,16.0,25.0,31.0,38.0,53.0,inferred
Oxford,2020-08-01,0.0,0.0,1.0,3.0,7.0,inferred
Oxford,2020-08-02,0.0,0.0,1.0,3.0,7.0,inferred
Oxford,2020-08-03,0.0,0.0,1.0,3.0,7.0,inferred
Oxford,2020-08-04,0.0,1.0,2.0,3.0,8.0,inferred
Oxford,2020-08-05,0.0,1.0,2.0,4.0,8.0,inferred
Oxford,2020-08-06,0.0,1.0,2.0,4.0,9.0,inferred
Oxford,2020-08-07,0.0,1.0,3.0,4.0,10.0,inferred
Oxford,2020-08-08,0.0,2.0,3.0,5.0,10.0,inferred
Oxford,2020-08-09,0.0,2.0,3.0,5.0,11.0,inferred
Oxford,2020-08-10,0.0,2.0,4.0,6.0,11.0,inferred
Oxford,2020-08-11,0.0,2.0,4.0,6.0,12.0,inferred
Oxford,2020-08-12,0.0,2.0,4.0,6.0,11.0,inferred
Oxford,2020-08-13,0.0,2.0,4.0,6.0,12.0,inferred
Oxford,2020-08-14,0.0,2.0,4.0,6.0,12.0,inferred
Oxford,2020-08-15,0.0,2.0,4.0,7.0,12.0,inferred
Oxford,2020-08-16,0.0,2.0,4.0,7.0,13.0,inferred
Oxford,2020-08-17,0.0,3.0,5.0,7.0,13.0,inferred
Oxford,2020-08-18,0.0,3.0,5.0,7.0,14.0,inferred
Oxford,2020-08-19,1.0,3.0,5.0,8.0,14.0,inferred
Oxford,2020-08-20,1.0,3.0,5.0,8.0,14.0,inferred
Oxford,2020-08-21,1.0,3.0,5.0,8.0,14.0,inferred
Oxford,2020-08-22,0.0,3.0,5.0,7.0,13.0,inferred
Oxford,2020-08-23,0.0,2.0,4.0,6.0,12.0,inferred
Oxford,2020-08-24,0.0,2.0,3.0,5.0,11.0,inferred
Oxford,2020-08-25,0.0,1.0,3.0,5.0,10.0,inferred
Oxford,2020-08-26,0.0,1.0,2.0,4.0,9.0,inferred
Oxford,2020-08-27,0.0,1.0,2.0,4.0,9.0,inferred
Oxford,2020-08-28,0.0,1.0,2.0,4.0,8.0,inferred
Oxford,2020-08-29,0.0,1.0,2.0,4.0,9.0,inferred
Oxford,2020-08-30,0.0,1.0,3.0,5.0,10.0,inferred
Oxford,2020-08-31,0.0,2.0,3.0,5.0,10.0,inferred
Oxford,2020-09-01,0.0,2.0,4.0,6.0,11.0,inferred
Oxford,2020-09-02,0.0,2.0,4.0,6.0,12.0,inferred
Oxford,2020-09-03,0.0,3.0,4.0,7.0,13.0,inferred
Oxford,2020-09-04,0.0,3.0,5.0,7.0,13.0,inferred
Oxford,2020-09-05,0.0,3.0,5.0,7.0,14.0,inferred
Oxford,2020-09-06,1.0,3.0,5.0,8.0,14.0,inferred
Oxford,2020-09-07,1.0,3.0,6.0,8.0,15.0,inferred
Oxford,2020-09-08,1.0,3.0,6.0,8.0,15.0,inferred
Oxford,2020-09-09,1.0,3.0,6.0,8.0,15.0,inferred
Oxford,2020-09-10,1.0,3.0,5.5,8.0,15.0,inferred
Oxford,2020-09-11,1.0,3.0,6.0,8.0,15.0,inferred
Oxford,2020-09-12,1.0,3.0,6.0,8.0,15.0,inferred
Oxford,2020-09-13,1.0,4.0,6.0,8.0,15.0,inferred
Oxford,2020-09-14,1.0,4.0,6.0,8.0,14.0,inferred
Oxford,2020-09-15,1.0,4.0,6.0,8.0,14.0,inferred
Oxford,2020-09-16,1.0,4.0,6.0,8.0,15.0,inferred
Oxford,2020-09-17,1.0,4.0,6.0,9.0,15.0,inferred
Oxford,2020-09-18,1.0,5.0,7.0,10.0,16.0,inferred
Oxford,2020-09-19,2.0,5.0,7.0,10.0,17.0,inferred
Oxford,2020-09-20,2.0,6.0,8.0,11.0,19.0,inferred
Oxford,2020-09-21,3.0,7.0,9.0,12.0,20.0,inferred
Oxford,2020-09-22,3.0,7.0,10.0,13.0,21.0,inferred
Oxford,2020-09-23,4.0,8.0,11.0,15.0,23.0,inferred
Oxford,2020-09-24,4.0,9.0,13.0,17.0,25.0,inferred
Oxford,2020-09-25,6.0,11.0,15.0,18.0,28.0,inferred
Oxford,2020-09-26,7.0,13.0,17.0,21.0,30.0,inferred
Oxford,2020-09-27,8.0,14.0,18.0,23.0,33.0,inferred
Oxford,2020-09-28,9.0,16.0,20.0,25.0,36.0,inferred
Oxford,2020-09-29,10.0,17.0,22.0,27.0,38.0,inferred
Oxford,2020-09-30,10.0,18.0,22.0,28.0,40.0,inferred
Oxford,2020-10-01,10.0,19.0,24.0,29.0,42.0,inferred
Oxford,2020-10-02,11.0,19.0,24.0,30.0,42.0,inferred
Oxford,2020-10-03,12.0,20.0,25.0,31.0,44.0,inferred
Oxford,2020-10-04,13.0,22.0,27.0,32.0,45.0,inferred
Oxford,2020-10-05,14.0,23.0,28.0,34.2,47.0,inferred
Oxford,2020-10-06,16.0,25.0,30.0,36.0,48.0,inferred
Oxford,2020-10-07,16.0,25.0,30.0,36.0,49.0,inferred
Oxford,2020-10-08,16.0,25.0,30.0,36.0,48.0,inferred
Oxford,2020-10-09,16.0,25.0,30.0,36.0,47.0,inferred
Oxford,2020-10-10,15.0,24.0,29.0,35.0,47.0,inferred
Oxford,2020-10-11,14.0,23.0,28.0,34.0,47.0,inferred
Oxford,2020-10-12,16.0,24.0,29.0,34.0,47.0,inferred
Oxford,2020-10-13,16.0,24.0,30.0,36.0,47.0,inferred
Oxford,2020-10-14,17.0,25.0,30.0,36.0,49.0,inferred
Oxford,2020-10-15,16.0,25.0,31.0,36.0,49.0,inferred
Oxford,2020-10-16,17.0,26.0,31.0,37.0,49.0,inferred
Oxford,2020-10-17,16.0,25.0,31.0,36.0,48.0,inferred
Oxford,2020-10-18,17.0,26.0,31.0,37.0,49.0,inferred
Oxford,2020-10-19,17.0,26.0,31.0,37.0,49.0,inferred
Oxford,2020-10-20,17.0,26.0,31.0,37.0,49.0,inferred
Oxford,2020-10-21,16.0,25.0,30.0,36.0,49.0,inferred
Oxford,2020-10-22,15.0,25.0,30.0,36.0,49.0,inferred
Oxford,2020-10-23,16.0,24.0,30.0,35.2,48.0,inferred
Oxford,2020-10-24,15.0,24.0,30.0,36.0,48.0,inferred
Oxford,2020-10-25,15.0,24.0,30.0,36.0,50.0,inferred
Oxford,2020-10-26,15.0,24.0,30.0,37.0,53.0,inferred
Oxford,2020-10-27,16.0,25.0,31.0,38.0,56.0,inferred
Oxford,2020-10-28,16.0,25.0,32.0,39.0,59.0,inferred
Oxford,2020-10-29,17.0,27.0,34.0,42.0,63.0,inferred
Oxford,2020-10-30,18.0,29.0,36.0,44.0,64.0,inferred
Reading,2020-08-01,0.0,0.0,0.0,1.0,4.0,inferred
Reading,2020-08-02,0.0,0.0,1.0,2.0,5.0,inferred
Reading,2020-08-03,0.0,0.0,1.0,2.0,5.0,inferred
Reading,2020-08-04,0.0,0.0,1.0,2.0,5.0,inferred
Reading,2020-08-05,0.0,0.0,1.0,2.0,5.0,inferred
Reading,2020-08-06,0.0,0.0,1.0,2.0,5.0,inferred
Reading,2020-08-07,0.0,0.0,1.0,2.0,5.0,inferred
Reading,2020-08-08,0.0,0.0,1.0,2.0,6.0,inferred
Reading,2020-08-09,0.0,0.0,1.0,2.0,6.0,inferred
Reading,2020-08-10,0.0,0.0,1.0,3.0,6.0,inferred
Reading,2020-08-11,0.0,0.0,1.0,3.0,7.0,inferred
Reading,2020-08-12,0.0,1.0,2.0,3.0,7.0,inferred
Reading,2020-08-13,0.0,1.0,2.0,3.0,8.0,inferred
Reading,2020-08-14,0.0,1.0,2.0,3.0,8.0,inferred
Reading,2020-08-15,0.0,1.0,2.0,3.0,8.0,inferred
Reading,2020-08-16,0.0,0.0,1.0,3.0,7.0,inferred
Reading,2020-08-17,0.0,1.0,2.0,3.0,8.0,inferred
Reading,2020-08-18,0.0,1.0,2.0,3.0,8.0,inferred
Reading,2020-08-19,0.0,1.0,2.0,3.0,8.0,inferred
Reading,2020-08-20,0.0,1.0,2.0,4.0,8.0,inferred
Reading,2020-08-21,0.0,1.0,2.0,4.0,8.0,inferred
Reading,2020-08-22,0.0,1.0,2.0,4.0,9.0,inferred
Reading,2020-08-23,0.0,1.0,2.0,4.0,9.0,inferred
Reading,2020-08-24,0.0,1.0,3.0,4.0,9.0,inferred
Reading,2020-08-25,0.0,1.0,3.0,4.0,9.0,inferred
Reading,2020-08-26,0.0,1.0,2.0,4.0,9.0,inferred
Reading,2020-08-27,0.0,1.0,2.0,4.0,9.0,inferred
Reading,2020-08-28,0.0,1.0,2.0,4.0,9.0,inferred
Reading,2020-08-29,0.0,1.0,2.0,4.0,9.0,inferred
Reading,2020-08-30,0.0,1.0,2.0,4.0,9.0,inferred
Reading,2020-08-31,0.0,1.0,3.0,5.0,10.0,inferred
Reading,2020-09-01,0.0,2.0,3.0,5.0,10.0,inferred
Reading,2020-09-02,0.0,2.0,3.0,5.0,11.0,inferred
Reading,2020-09-03,0.0,2.0,3.0,6.0,11.0,inferred
Reading,2020-09-04,0.0,2.0,3.0,5.0,11.0,inferred
Reading,2020-09-05,0.0,2.0,4.0,6.0,11.0,inferred
Reading,2020-09-06,0.0,2.0,3.0,5.0,11.0,inferred
Reading,2020-09-07,0.0,2.0,3.0,5.0,11.0,inferred
Reading,2020-09-08,0.0,1.0,3.0,5.0,10.0,inferred
Reading,2020-09-09,0.0,1.0,3.0,5.0,10.0,inferred
Reading,2020-09-10,0.0,1.0,3.0,4.0,9.0,inferred
Reading,2020-09-11,0.0,1.0,2.0,4.0,9.0,inferred
Reading,2020-09-12,0.0,1.0,2.0,4.0,9.0,inferred
Reading,2020-09-13,0.0,1.0,2.0,4.0,8.0,inferred
Reading,2020-09-14,0.0,1.0,2.0,4.0,9.0,inferred
Reading,2020-09-15,0.0,1.0,2.0,4.0,9.0,inferred
Reading,2020-09-16,0.0,1.0,3.0,4.0,10.0,inferred
Reading,2020-09-17,0.0,1.0,3.0,5.0,10.0,inferred
Reading,2020-09-18,0.0,2.0,3.0,5.0,11.0,inferred
Reading,2020-09-19,0.0,2.0,4.0,6.0,11.0,inferred
Reading,2020-09-20,0.0,2.0,4.0,6.0,12.0,inferred
Reading,2020-09-21,0.0,3.0,5.0,7.0,12.0,inferred
Reading,2020-09-22,1.0,3.0,5.0,7.0,13.0,inferred
Reading,2020-09-23,1.0,3.0,6.0,8.0,15.0,inferred
Reading,2020-09-24,1.0,4.0,6.0,9.0,15.0,inferred
Reading,2020-09-25,1.0,4.0,7.0,9.0,16.0,inferred
Reading,2020-09-26,1.0,4.0,7.0,10.0,17.0,inferred
Reading,2020-09-27,1.0,5.0,7.0,10.0,17.0,inferred
Reading,2020-09-28,1.0,5.0,7.0,10.0,18.0,inferred
Reading,2020-09-29,2.0,5.0,7.0,10.0,17.0,inferred
Reading,2020-09-30,2.0,5.0,8.0,11.0,18.0,inferred
Reading,2020-10-01,2.0,6.0,9.0,12.0,19.0,inferred
Reading,2020-10-02,3.0,7.0,10.0,13.0,20.0,inferred
Reading,2020-10-03,3.0,8.0,11.0,14.0,22.0,inferred
Reading,2020-10-04,4.0,9.0,12.0,15.0,24.0,inferred
Reading,2020-10-05,5.0,9.0,13.0,17.0,26.0,inferred
Reading,2020-10-06,5.0,10.0,14.0,18.0,27.0,inferred
Reading,2020-10-07,5.0,11.0,15.0,19.0,29.0,inferred
Reading,2020-10-08,6.0,12.0,15.0,20.0,30.0,inferred
Reading,2020-10-09,6.0,12.0,16.0,21.0,31.0,inferred
Reading,2020-10-10,7.0,13.0,17.0,21.0,31.0,inferred
Reading,2020-10-11,7.0,14.0,18.0,23.0,34.0,inferred
Reading,2020-10-12,8.0,14.0,19.0,23.0,34.0,inferred
Reading,2020-10-13,9.0,15.0,20.0,25.0,35.0,inferred
Reading,2020-10-14,9.0,16.0,20.0,25.0,36.0,inferred
Reading,2020-10-15,9.0,16.0,21.0,26.0,37.0,inferred
Reading,2020-10-16,10.0,17.0,21.0,26.0,37.0,inferred
Reading,2020-10-17,10.0,17.0,22.0,27.0,37.0,inferred
Reading,2020-10-18,11.0,18.0,23.0,28.0,38.0,inferred
Reading,2020-10-19,11.0,19.0,24.0,29.0,40.0,inferred
Reading,2020-10-20,12.0,20.0,25.0,31.0,42.0,inferred
Reading,2020-10-21,13.0,21.0,26.0,32.0,45.0,inferred
Reading,2020-10-22,13.0,21.0,27.0,32.0,45.0,inferred
Reading,2020-10-23,13.0,21.0,27.0,33.0,45.0,inferred
Reading,2020-10-24,14.0,22.0,28.0,34.0,47.0,inferred
Reading,2020-10-25,15.0,24.0,29.0,34.0,47.0,inferred
Reading,2020-10-26,16.0,25.0,30.0,36.0,49.0,inferred
Reading,2020-10-27,16.0,25.0,31.0,37.0,50.0,inferred
Reading,2020-10-28,18.0,27.0,33.0,39.0,52.0,inferred
Reading,2020-10-29,20.0,29.0,35.0,41.0,55.0,inferred
Reading,2020-10-30,21.0,30.0,36.0,42.0,55.0,inferred
Redbridge,2020-08-01,0.0,1.0,3.0,4.0,10.0,inferred
Redbridge,2020-08-02,0.0,1.0,3.0,5.0,9.0,inferred
Redbridge,2020-08-03,0.0,1.0,3.0,5.0,9.0,inferred
Redbridge,2020-08-04,0.0,2.0,3.0,5.0,11.0,inferred
Redbridge,2020-08-05,0.0,2.0,4.0,6.0,12.0,inferred
Redbridge,2020-08-06,0.0,3.0,5.0,7.0,13.0,inferred
Redbridge,2020-08-07,1.0,3.0,5.0,8.0,13.0,inferred
Redbridge,2020-08-08,0.0,3.0,5.0,7.0,13.0,inferred
Redbridge,2020-08-09,0.0,3.0,5.0,7.0,13.0,inferred
Redbridge,2020-08-10,0.0,3.0,5.0,7.0,13.0,inferred
Redbridge,2020-08-11,0.0,2.0,4.0,7.0,12.0,inferred
Redbridge,2020-08-12,0.0,2.0,4.0,6.0,12.0,inferred
Redbridge,2020-08-13,0.0,2.0,4.0,6.0,12.0,inferred
Redbridge,2020-08-14,0.0,2.0,4.0,6.0,11.0,inferred
Redbridge,2020-08-15,0.0,2.0,3.0,6.0,11.0,inferred
Redbridge,2020-08-16,0.0,2.0,3.0,5.0,10.0,inferred
Redbridge,2020-08-17,0.0,2.0,3.0,5.0,11.0,inferred
Redbridge,2020-08-18,0.0,2.0,3.0,5.0,11.0,inferred
Redbridge,2020-08-19,0.0,2.0,3.0,5.0,10.0,inferred
Redbridge,2020-08-20,0.0,2.0,3.0,6.0,11.0,inferred
Redbridge,2020-08-21,0.0,2.0,4.0,6.0,11.0,inferred
Redbridge,2020-08-22,0.0,2.0,4.0,6.0,12.0,inferred
Redbridge,2020-08-23,0.0,2.0,4.0,7.0,13.0,inferred
Redbridge,2020-08-24,0.0,3.0,4.0,7.0,13.0,inferred
Redbridge,2020-08-25,0.0,3.0,5.0,7.2,14.0,inferred
Redbridge,2020-08-26,1.0,4.0,6.0,9.0,16.0,inferred
Redbridge,2020-08-27,1.0,4.0,6.0,9.0,16.0,inferred
Redbridge,2020-08-28,2.0,5.0,7.0,10.0,17.0,inferred
Redbridge,2020-08-29,2.0,6.0,8.0,11.0,19.0,inferred
Redbridge,2020-08-30,3.0,6.0,9.0,13.0,20.0,inferred
Redbridge,2020-08-31,3.0,7.0,10.0,14.0,21.0,inferred
Redbridge,2020-09-01,3.0,8.0,11.0,14.2,22.0,inferred
Redbridge,2020-09-02,4.0,9.0,12.0,16.0,24.0,inferred
Redbridge,2020-09-03,4.0,10.0,13.0,17.0,26.0,inferred
Redbridge,2020-09-04,5.0,10.0,14.0,18.0,27.0,inferred
Redbridge,2020-09-05,6.0,11.0,14.0,19.0,28.0,inferred
Redbridge,2020-09-06,6.0,11.0,15.0,20.0,29.0,inferred
Redbridge,2020-09-07,6.0,12.0,16.0,20.0,30.0,inferred
Redbridge,2020-09-08,6.0,12.0,16.0,21.0,31.0,inferred
Redbridge,2020-09-09,6.0,13.0,17.0,21.0,31.0,inferred
Redbridge,2020-09-10,6.0,13.0,17.0,21.0,31.0,inferred
Redbridge,2020-09-11,7.0,13.0,17.0,22.0,31.0,inferred
Redbridge,2020-09-12,7.0,13.0,18.0,22.0,33.0,inferred
Redbridge,2020-09-13,8.0,14.0,18.0,23.0,33.0,inferred
Redbridge,2020-09-14,9.0,15.0,20.0,24.0,34.0,inferred
Redbridge,2020-09-15,10.0,17.0,21.0,26.0,37.0,inferred
Redbridge,2020-09-16,10.0,18.0,23.0,28.0,39.0,inferred
Redbridge,2020-09-17,11.0,19.0,24.0,30.0,42.0,inferred
Redbridge,2020-09-18,12.0,20.0,25.0,31.0,44.0,inferred
Redbridge,2020-09-19,13.0,22.0,27.0,32.0,44.0,inferred
Redbridge,2020-09-20,14.0,23.0,28.0,34.0,46.0,inferred
Redbridge,2020-09-21,15.0,24.0,29.0,35.0,49.0,inferred
Redbridge,2020-09-22,17.0,25.0,31.0,37.0,49.0,inferred
Redbridge,2020-09-23,18.0,26.0,31.0,37.0,50.0,inferred
Redbridge,2020-09-24,18.0,27.0,32.0,39.0,52.0,inferred
Redbridge,2020-09-25,19.0,28.0,34.0,40.0,53.0,inferred
Redbridge,2020-09-26,20.0,29.0,35.0,41.0,53.0,inferred
Redbridge,2020-09-27,21.0,31.0,36.0,43.0,57.0,inferred
Redbridge,2020-09-28,22.0,33.0,39.0,45.0,58.0,inferred
Redbridge,2020-09-29,24.0,35.0,41.0,48.0,63.0,inferred
Redbridge,2020-09-30,25.0,36.0,43.0,50.0,66.0,inferred
Redbridge,2020-10-01,26.0,37.0,44.0,52.0,69.0,inferred
Redbridge,2020-10-02,27.0,38.0,45.0,53.0,69.0,inferred
Redbridge,2020-10-03,29.0,41.0,48.0,55.0,70.0,inferred
Redbridge,2020-10-04,31.0,42.0,49.0,56.0,72.0,inferred
Redbridge,2020-10-05,32.0,43.0,50.0,57.0,74.0,inferred
Redbridge,2020-10-06,32.0,45.0,52.0,59.0,75.0,inferred
Redbridge,2020-10-07,33.0,45.0,52.0,60.0,76.0,inferred
Redbridge,2020-10-08,35.0,46.0,53.0,61.0,78.0,inferred
Redbridge,2020-10-09,35.0,47.0,54.0,62.0,79.0,inferred
Redbridge,2020-10-10,36.0,48.0,55.0,64.0,80.0,inferred
Redbridge,2020-10-11,38.0,50.0,57.0,65.0,83.0,inferred
Redbridge,2020-10-12,38.0,51.0,59.0,67.0,85.0,inferred
Redbridge,2020-10-13,38.0,52.0,60.0,69.0,88.0,inferred
Redbridge,2020-10-14,40.0,53.0,62.0,71.0,90.0,inferred
Redbridge,2020-10-15,40.0,54.0,63.0,73.0,91.0,inferred
Redbridge,2020-10-16,41.0,56.0,65.0,74.0,94.0,inferred
Redbridge,2020-10-17,42.0,57.0,66.0,76.0,98.0,inferred
Redbridge,2020-10-18,44.0,59.0,69.0,80.0,102.0,inferred
Redbridge,2020-10-19,46.0,62.0,72.0,83.0,106.0,inferred
Redbridge,2020-10-20,46.0,63.8,75.0,87.0,111.0,inferred
Redbridge,2020-10-21,47.0,66.0,78.0,90.0,113.0,inferred
Redbridge,2020-10-22,48.0,68.0,80.0,91.0,115.0,inferred
Redbridge,2020-10-23,50.0,71.0,82.0,93.0,113.0,inferred
Redbridge,2020-10-24,52.0,71.8,82.0,93.0,115.0,inferred
Redbridge,2020-10-25,51.0,71.0,83.0,93.2,116.0,inferred
Redbridge,2020-10-26,52.0,72.0,83.0,94.0,117.0,inferred
Redbridge,2020-10-27,52.0,72.0,84.0,96.0,119.0,inferred
Redbridge,2020-10-28,53.0,73.0,86.0,100.0,125.0,inferred
Redbridge,2020-10-29,54.0,75.0,88.0,102.0,128.0,inferred
Redbridge,2020-10-30,58.0,78.0,92.0,105.0,134.0,inferred
Redditch,2020-08-01,0.0,0.0,0.0,0.0,1.0,inferred
Redditch,2020-08-02,0.0,0.0,0.0,0.0,2.0,inferred
Redditch,2020-08-03,0.0,0.0,0.0,0.0,2.0,inferred
Redditch,2020-08-04,0.0,0.0,0.0,0.0,2.0,inferred
Redditch,2020-08-05,0.0,0.0,0.0,0.0,2.0,inferred
Redditch,2020-08-06,0.0,0.0,0.0,0.0,3.0,inferred
Redditch,2020-08-07,0.0,0.0,0.0,0.0,3.0,inferred
Redditch,2020-08-08,0.0,0.0,0.0,1.0,3.0,inferred
Redditch,2020-08-09,0.0,0.0,0.0,1.0,4.0,inferred
Redditch,2020-08-10,0.0,0.0,0.0,1.0,4.0,inferred
Redditch,2020-08-11,0.0,0.0,0.0,1.0,4.0,inferred
Redditch,2020-08-12,0.0,0.0,0.0,1.0,5.0,inferred
Redditch,2020-08-13,0.0,0.0,1.0,2.0,5.0,inferred
Redditch,2020-08-14,0.0,0.0,1.0,2.0,6.0,inferred
Redditch,2020-08-15,0.0,0.0,1.0,2.0,6.0,inferred
Redditch,2020-08-16,0.0,0.0,1.0,3.0,7.0,inferred
Redditch,2020-08-17,0.0,1.0,2.0,3.0,8.0,inferred
Redditch,2020-08-18,0.0,1.0,2.0,4.0,8.0,inferred
Redditch,2020-08-19,0.0,1.0,2.0,4.0,8.0,inferred
Redditch,2020-08-20,0.0,1.0,2.0,4.0,9.0,inferred
Redditch,2020-08-21,0.0,1.0,2.0,4.0,9.0,inferred
Redditch,2020-08-22,0.0,1.0,2.0,4.0,9.0,inferred
Redditch,2020-08-23,0.0,1.0,2.0,4.0,8.0,inferred
Redditch,2020-08-24,0.0,1.0,2.0,4.0,8.0,inferred
Redditch,2020-08-25,0.0,1.0,2.0,3.0,8.0,inferred
Redditch,2020-08-26,0.0,1.0,2.0,3.0,7.0,inferred
Redditch,2020-08-27,0.0,1.0,2.0,3.0,8.0,inferred
Redditch,2020-08-28,0.0,1.0,2.0,3.0,7.0,inferred
Redditch,2020-08-29,0.0,1.0,2.0,3.0,8.0,inferred
Redditch,2020-08-30,0.0,1.0,2.0,3.0,8.0,inferred
Redditch,2020-08-31,0.0,1.0,2.0,3.0,8.0,inferred
Redditch,2020-09-01,0.0,1.0,2.0,3.0,8.0,inferred
Redditch,2020-09-02,0.0,1.0,2.0,3.0,8.0,inferred
Redditch,2020-09-03,0.0,1.0,2.0,3.0,8.0,inferred
Redditch,2020-09-04,0.0,1.0,2.0,3.0,8.0,inferred
Redditch,2020-09-05,0.0,0.8,2.0,3.0,7.0,inferred
Redditch,2020-09-06,0.0,1.0,2.0,3.0,8.0,inferred
Redditch,2020-09-07,0.0,0.0,2.0,3.0,8.0,inferred
Redditch,2020-09-08,0.0,0.0,2.0,3.0,7.0,inferred
Redditch,2020-09-09,0.0,0.0,1.0,3.0,7.0,inferred
Redditch,2020-09-10,0.0,0.0,1.0,3.0,7.0,inferred
Redditch,2020-09-11,0.0,0.0,1.0,3.0,7.0,inferred
Redditch,2020-09-12,0.0,0.0,1.0,3.0,7.0,inferred
Redditch,2020-09-13,0.0,0.0,2.0,3.0,7.0,inferred
Redditch,2020-09-14,0.0,1.0,2.0,3.0,8.0,inferred
Redditch,2020-09-15,0.0,1.0,2.0,3.0,9.0,inferred
Redditch,2020-09-16,0.0,1.0,2.0,4.0,9.0,inferred
Redditch,2020-09-17,0.0,1.0,2.0,4.0,10.0,inferred
Redditch,2020-09-18,0.0,1.0,3.0,5.0,10.0,inferred
Redditch,2020-09-19,0.0,1.0,3.0,5.0,10.0,inferred
Redditch,2020-09-20,0.0,2.0,3.0,5.0,11.0,inferred
Redditch,2020-09-21,0.0,2.0,4.0,6.0,11.0,inferred
Redditch,2020-09-22,0.0,2.0,4.0,6.0,12.0,inferred
Redditch,2020-09-23,0.0,3.0,5.0,7.0,13.0,inferred
Redditch,2020-09-24,0.0,3.0,5.0,8.0,14.0,inferred
Redditch,2020-09-25,1.0,3.0,6.0,8.0,14.0,inferred
Redditch,2020-09-26,1.0,4.0,6.0,8.0,15.0,inferred
Redditch,2020-09-27,1.0,4.0,6.0,9.0,15.0,inferred
Redditch,2020-09-28,1.0,4.0,7.0,9.0,16.0,inferred
Redditch,2020-09-29,1.0,4.0,7.0,10.0,17.0,inferred
Redditch,2020-09-30,1.0,4.0,7.0,10.0,17.0,inferred
Redditch,2020-10-01,1.0,5.0,7.0,10.0,17.0,inferred
Redditch,2020-10-02,1.0,5.0,8.0,11.0,18.0,inferred
Redditch,2020-10-03,2.0,5.0,8.0,11.0,18.0,inferred
Redditch,2020-10-04,2.0,6.0,8.0,11.0,18.0,inferred
Redditch,2020-10-05,2.0,6.0,9.0,12.0,20.0,inferred
Redditch,2020-10-06,3.0,6.0,9.0,12.0,20.0,inferred
Redditch,2020-10-07,3.0,7.0,10.0,13.0,21.0,inferred
Redditch,2020-10-08,3.0,7.0,10.0,14.0,21.0,inferred
Redditch,2020-10-09,3.0,8.0,11.0,14.0,22.0,inferred
Redditch,2020-10-10,4.0,9.0,12.0,15.0,24.0,inferred
Redditch,2020-10-11,4.0,9.0,12.0,15.0,24.0,inferred
Redditch,2020-10-12,5.0,9.0,13.0,16.0,25.0,inferred
Redditch,2020-10-13,5.0,10.0,13.0,17.0,26.0,inferred
Redditch,2020-10-14,6.0,11.0,14.0,18.0,27.0,inferred
Redditch,2020-10-15,6.0,12.0,15.0,19.0,29.0,inferred
Redditch,2020-10-16,6.0,12.0,16.0,20.0,30.0,inferred
Redditch,2020-10-17,7.0,12.0,17.0,21.0,30.0,inferred
Redditch,2020-10-18,7.0,13.0,17.0,21.0,31.0,inferred
Redditch,2020-10-19,8.0,14.0,18.0,23.0,33.0,inferred
Redditch,2020-10-20,9.0,15.0,19.0,24.0,33.0,inferred
Redditch,2020-10-21,10.0,16.0,20.0,25.0,35.0,inferred
Redditch,2020-10-22,10.0,16.0,21.0,26.0,36.0,inferred
Redditch,2020-10-23,9.0,16.0,21.0,26.0,36.0,inferred
Redditch,2020-10-24,10.0,17.0,21.0,26.0,37.0,inferred
Redditch,2020-10-25,10.0,17.0,21.0,27.0,39.0,inferred
Redditch,2020-10-26,10.0,17.0,22.0,27.0,40.0,inferred
Redditch,2020-10-27,10.0,18.0,23.0,29.0,41.0,inferred
Redditch,2020-10-28,11.0,19.0,24.0,30.0,42.0,inferred
Redditch,2020-10-29,12.0,20.0,25.0,31.0,44.0,inferred
Redditch,2020-10-30,13.0,21.0,27.0,33.0,47.0,inferred
Reigate and Banstead,2020-08-01,0.0,0.0,1.0,2.0,6.0,inferred
Reigate and Banstead,2020-08-02,0.0,0.0,1.0,3.0,7.0,inferred
Reigate and Banstead,2020-08-03,0.0,0.0,1.0,3.0,7.0,inferred
Reigate and Banstead,2020-08-04,0.0,0.0,1.0,3.0,7.0,inferred
Reigate and Banstead,2020-08-05,0.0,0.0,1.0,3.0,7.0,inferred
Reigate and Banstead,2020-08-06,0.0,0.0,1.0,3.0,6.0,inferred
Reigate and Banstead,2020-08-07,0.0,0.0,1.0,2.0,6.0,inferred
Reigate and Banstead,2020-08-08,0.0,0.0,1.0,2.0,5.0,inferred
Reigate and Banstead,2020-08-09,0.0,0.0,1.0,2.0,6.0,inferred
Reigate and Banstead,2020-08-10,0.0,0.0,1.0,2.0,5.0,inferred
Reigate and Banstead,2020-08-11,0.0,0.0,1.0,2.0,5.0,inferred
Reigate and Banstead,2020-08-12,0.0,0.0,1.0,2.0,6.0,inferred
Reigate and Banstead,2020-08-13,0.0,0.0,1.0,2.0,6.0,inferred
Reigate and Banstead,2020-08-14,0.0,0.0,1.0,2.0,6.0,inferred
Reigate and Banstead,2020-08-15,0.0,0.0,1.0,2.0,6.0,inferred
Reigate and Banstead,2020-08-16,0.0,0.0,1.0,2.0,6.0,inferred
Reigate and Banstead,2020-08-17,0.0,0.0,1.0,2.0,6.0,inferred
Reigate and Banstead,2020-08-18,0.0,0.0,1.0,3.0,7.0,inferred
Reigate and Banstead,2020-08-19,0.0,0.0,1.0,3.0,6.0,inferred
Reigate and Banstead,2020-08-20,0.0,0.0,1.0,3.0,7.0,inferred
Reigate and Banstead,2020-08-21,0.0,0.0,1.0,3.0,7.0,inferred
Reigate and Banstead,2020-08-22,0.0,0.0,1.0,3.0,7.0,inferred
Reigate and Banstead,2020-08-23,0.0,0.0,1.0,3.0,7.0,inferred
Reigate and Banstead,2020-08-24,0.0,0.0,1.0,3.0,7.0,inferred
Reigate and Banstead,2020-08-25,0.0,0.0,1.0,3.0,7.0,inferred
Reigate and Banstead,2020-08-26,0.0,0.0,2.0,3.0,7.0,inferred
Reigate and Banstead,2020-08-27,0.0,1.0,2.0,3.0,8.0,inferred
Reigate and Banstead,2020-08-28,0.0,1.0,2.0,3.0,8.0,inferred
Reigate and Banstead,2020-08-29,0.0,1.0,2.0,4.0,8.0,inferred
Reigate and Banstead,2020-08-30,0.0,1.0,2.0,4.0,9.0,inferred
Reigate and Banstead,2020-08-31,0.0,1.0,3.0,4.0,9.0,inferred
Reigate and Banstead,2020-09-01,0.0,1.0,3.0,5.0,10.0,inferred
Reigate and Banstead,2020-09-02,0.0,1.0,3.0,5.0,10.0,inferred
Reigate and Banstead,2020-09-03,0.0,1.0,3.0,5.0,10.0,inferred
Reigate and Banstead,2020-09-04,0.0,1.0,3.0,5.0,10.0,inferred
Reigate and Banstead,2020-09-05,0.0,2.0,3.0,5.0,11.0,inferred
Reigate and Banstead,2020-09-06,0.0,2.0,3.0,5.0,11.0,inferred
Reigate and Banstead,2020-09-07,0.0,2.0,3.0,5.0,11.0,inferred
Reigate and Banstead,2020-09-08,0.0,2.0,3.0,5.0,10.0,inferred
Reigate and Banstead,2020-09-09,0.0,2.0,3.0,5.0,10.0,inferred
Reigate and Banstead,2020-09-10,0.0,1.0,3.0,5.0,10.0,inferred
Reigate and Banstead,2020-09-11,0.0,1.0,3.0,5.0,10.0,inferred
Reigate and Banstead,2020-09-12,0.0,1.0,3.0,5.0,10.0,inferred
Reigate and Banstead,2020-09-13,0.0,1.0,2.0,4.0,9.0,inferred
Reigate and Banstead,2020-09-14,0.0,1.0,2.0,4.0,9.0,inferred
Reigate and Banstead,2020-09-15,0.0,1.0,2.0,4.0,9.0,inferred
Reigate and Banstead,2020-09-16,0.0,1.0,2.0,4.0,9.0,inferred
Reigate and Banstead,2020-09-17,0.0,1.0,2.0,4.0,8.0,inferred
Reigate and Banstead,2020-09-18,0.0,1.0,2.0,4.0,9.0,inferred
Reigate and Banstead,2020-09-19,0.0,1.0,2.0,4.0,9.0,inferred
Reigate and Banstead,2020-09-20,0.0,1.0,2.0,4.0,10.0,inferred
Reigate and Banstead,2020-09-21,0.0,1.0,3.0,5.0,10.0,inferred
Reigate and Banstead,2020-09-22,0.0,1.0,3.0,5.0,10.0,inferred
Reigate and Banstead,2020-09-23,0.0,1.0,3.0,5.0,10.0,inferred
Reigate and Banstead,2020-09-24,0.0,2.0,3.0,5.0,11.0,inferred
Reigate and Banstead,2020-09-25,0.0,2.0,4.0,6.0,11.0,inferred
Reigate and Banstead,2020-09-26,0.0,2.0,4.0,7.0,12.0,inferred
Reigate and Banstead,2020-09-27,0.0,3.0,5.0,7.0,13.0,inferred
Reigate and Banstead,2020-09-28,0.0,3.0,5.0,8.0,14.0,inferred
Reigate and Banstead,2020-09-29,1.0,3.0,6.0,8.0,14.0,inferred
Reigate and Banstead,2020-09-30,1.0,4.0,6.0,9.0,15.0,inferred
Reigate and Banstead,2020-10-01,1.0,4.0,6.0,9.0,16.0,inferred
Reigate and Banstead,2020-10-02,2.0,5.0,7.0,10.0,18.0,inferred
Reigate and Banstead,2020-10-03,2.0,6.0,9.0,12.0,19.0,inferred
Reigate and Banstead,2020-10-04,3.0,7.0,10.0,13.0,21.0,inferred
Reigate and Banstead,2020-10-05,4.0,8.0,11.0,15.0,24.0,inferred
Reigate and Banstead,2020-10-06,4.0,9.0,13.0,17.0,26.0,inferred
Reigate and Banstead,2020-10-07,5.0,10.0,14.0,18.0,27.0,inferred
Reigate and Banstead,2020-10-08,5.0,10.0,14.0,18.0,27.0,inferred
Reigate and Banstead,2020-10-09,5.0,10.0,14.0,18.0,26.0,inferred
Reigate and Banstead,2020-10-10,5.0,10.0,13.0,17.0,26.0,inferred
Reigate and Banstead,2020-10-11,5.0,10.0,13.0,17.0,26.0,inferred
Reigate and Banstead,2020-10-12,5.0,11.0,14.0,18.0,27.0,inferred
Reigate and Banstead,2020-10-13,6.0,12.0,15.0,19.0,28.0,inferred
Reigate and Banstead,2020-10-14,7.0,12.0,16.0,20.0,29.0,inferred
Reigate and Banstead,2020-10-15,7.0,12.0,16.0,20.0,30.0,inferred
Reigate and Banstead,2020-10-16,7.0,12.0,16.0,20.0,30.0,inferred
Reigate and Banstead,2020-10-17,6.0,12.0,16.0,20.0,29.0,inferred
Reigate and Banstead,2020-10-18,6.0,12.0,16.0,20.0,30.0,inferred
Reigate and Banstead,2020-10-19,6.0,12.0,16.0,21.0,30.0,inferred
Reigate and Banstead,2020-10-20,6.0,12.0,16.0,20.0,31.0,inferred
Reigate and Banstead,2020-10-21,6.0,12.0,16.0,21.0,30.0,inferred
Reigate and Banstead,2020-10-22,7.0,13.0,17.0,22.0,32.0,inferred
Reigate and Banstead,2020-10-23,7.0,13.0,17.0,22.0,31.0,inferred
Reigate and Banstead,2020-10-24,7.0,14.0,18.0,22.0,31.0,inferred
Reigate and Banstead,2020-10-25,7.0,14.0,18.0,23.0,33.0,inferred
Reigate and Banstead,2020-10-26,8.0,15.0,19.0,24.0,34.0,inferred
Reigate and Banstead,2020-10-27,9.0,15.0,19.0,24.0,34.0,inferred
Reigate and Banstead,2020-10-28,9.0,15.0,19.0,24.0,34.0,inferred
Reigate and Banstead,2020-10-29,9.0,15.0,20.0,24.0,35.0,inferred
Reigate and Banstead,2020-10-30,8.0,15.0,19.0,24.0,35.0,inferred
Richmond upon Thames,2020-08-01,0.0,0.0,1.0,2.0,5.0,inferred
Richmond upon Thames,2020-08-02,0.0,0.0,1.0,2.0,5.0,inferred
Richmond upon Thames,2020-08-03,0.0,0.0,1.0,2.0,6.0,inferred
Richmond upon Thames,2020-08-04,0.0,0.0,1.0,2.0,6.0,inferred
Richmond upon Thames,2020-08-05,0.0,0.0,1.0,2.0,6.0,inferred
Richmond upon Thames,2020-08-06,0.0,0.0,1.0,2.0,6.0,inferred
Richmond upon Thames,2020-08-07,0.0,0.0,1.0,3.0,7.0,inferred
Richmond upon Thames,2020-08-08,0.0,1.0,2.0,3.0,8.0,inferred
Richmond upon Thames,2020-08-09,0.0,1.0,2.0,4.0,8.0,inferred
Richmond upon Thames,2020-08-10,0.0,1.0,2.0,4.0,9.0,inferred
Richmond upon Thames,2020-08-11,0.0,1.0,3.0,5.0,10.0,inferred
Richmond upon Thames,2020-08-12,0.0,2.0,3.0,5.0,11.0,inferred
Richmond upon Thames,2020-08-13,0.0,2.0,4.0,6.0,11.0,inferred
Richmond upon Thames,2020-08-14,0.0,2.0,3.0,5.0,11.0,inferred
Richmond upon Thames,2020-08-15,0.0,2.0,3.0,5.0,11.0,inferred
Richmond upon Thames,2020-08-16,0.0,2.0,3.0,5.0,10.0,inferred
Richmond upon Thames,2020-08-17,0.0,1.0,3.0,5.0,10.0,inferred
Richmond upon Thames,2020-08-18,0.0,1.0,3.0,5.0,10.0,inferred
Richmond upon Thames,2020-08-19,0.0,2.0,3.0,5.0,11.0,inferred
Richmond upon Thames,2020-08-20,0.0,2.0,3.0,5.0,10.0,inferred
Richmond upon Thames,2020-08-21,0.0,2.0,3.0,5.0,11.0,inferred
Richmond upon Thames,2020-08-22,0.0,2.0,3.0,5.0,11.0,inferred
Richmond upon Thames,2020-08-23,0.0,2.0,3.0,6.0,11.0,inferred
Richmond upon Thames,2020-08-24,0.0,2.0,4.0,6.0,11.0,inferred
Richmond upon Thames,2020-08-25,0.0,2.0,4.0,6.0,12.0,inferred
Richmond upon Thames,2020-08-26,0.0,2.0,4.0,6.0,12.0,inferred
Richmond upon Thames,2020-08-27,0.0,2.0,4.0,6.0,12.0,inferred
Richmond upon Thames,2020-08-28,0.0,2.0,4.0,6.0,12.0,inferred
Richmond upon Thames,2020-08-29,0.0,2.0,4.0,7.0,12.0,inferred
Richmond upon Thames,2020-08-30,0.0,2.0,4.0,6.0,13.0,inferred
Richmond upon Thames,2020-08-31,0.0,3.0,4.0,7.0,12.0,inferred
Richmond upon Thames,2020-09-01,0.0,3.0,4.0,7.0,13.0,inferred
Richmond upon Thames,2020-09-02,0.0,3.0,5.0,7.0,13.0,inferred
Richmond upon Thames,2020-09-03,0.0,3.0,5.0,7.0,13.0,inferred
Richmond upon Thames,2020-09-04,0.0,3.0,5.0,7.0,14.0,inferred
Richmond upon Thames,2020-09-05,0.0,3.0,5.0,8.0,14.0,inferred
Richmond upon Thames,2020-09-06,0.0,3.0,5.0,7.0,14.0,inferred
Richmond upon Thames,2020-09-07,0.0,3.0,5.0,7.0,13.0,inferred
Richmond upon Thames,2020-09-08,0.0,3.0,5.0,7.0,13.0,inferred
Richmond upon Thames,2020-09-09,0.0,3.0,5.0,7.0,13.0,inferred
Richmond upon Thames,2020-09-10,0.0,3.0,5.0,7.0,12.0,inferred
Richmond upon Thames,2020-09-11,0.0,2.0,4.0,7.0,12.0,inferred
Richmond upon Thames,2020-09-12,0.0,2.0,4.0,6.0,12.0,inferred
Richmond upon Thames,2020-09-13,0.0,2.0,4.0,6.0,12.0,inferred
Richmond upon Thames,2020-09-14,0.0,2.0,4.0,6.0,12.0,inferred
Richmond upon Thames,2020-09-15,0.0,2.0,4.0,6.0,12.0,inferred
Richmond upon Thames,2020-09-16,0.0,2.0,4.0,6.0,12.0,inferred
Richmond upon Thames,2020-09-17,0.0,3.0,5.0,7.0,13.0,inferred
Richmond upon Thames,2020-09-18,0.0,3.0,5.0,7.0,14.0,inferred
Richmond upon Thames,2020-09-19,1.0,4.0,6.0,8.0,15.0,inferred
Richmond upon Thames,2020-09-20,1.0,4.0,6.0,9.0,16.0,inferred
Richmond upon Thames,2020-09-21,1.0,5.0,7.0,10.0,17.0,inferred
Richmond upon Thames,2020-09-22,2.0,5.0,8.0,11.0,19.0,inferred
Richmond upon Thames,2020-09-23,2.0,6.0,9.0,12.2,20.0,inferred
Richmond upon Thames,2020-09-24,3.0,8.0,11.0,14.0,23.0,inferred
Richmond upon Thames,2020-09-25,4.0,9.0,13.0,17.0,25.0,inferred
Richmond upon Thames,2020-09-26,6.0,11.0,15.0,19.0,28.0,inferred
Richmond upon Thames,2020-09-27,7.0,13.0,17.0,22.0,32.0,inferred
Richmond upon Thames,2020-09-28,9.0,16.0,20.0,25.0,36.0,inferred
Richmond upon Thames,2020-09-29,11.0,18.0,23.0,28.0,40.0,inferred
Richmond upon Thames,2020-09-30,13.0,21.0,26.0,31.0,43.0,inferred
Richmond upon Thames,2020-10-01,15.0,23.0,29.0,34.0,46.0,inferred
Richmond upon Thames,2020-10-02,16.0,25.0,30.0,36.0,48.0,inferred
Richmond upon Thames,2020-10-03,18.0,27.0,32.0,38.0,50.0,inferred
Richmond upon Thames,2020-10-04,18.0,28.0,34.0,40.0,53.0,inferred
Richmond upon Thames,2020-10-05,21.0,30.0,36.0,42.0,57.0,inferred
Richmond upon Thames,2020-10-06,22.0,32.0,38.0,45.0,59.0,inferred
Richmond upon Thames,2020-10-07,24.0,34.0,40.0,47.0,60.0,inferred
Richmond upon Thames,2020-10-08,25.0,35.0,41.0,48.0,61.0,inferred
Richmond upon Thames,2020-10-09,25.0,35.0,42.0,48.0,62.0,inferred
Richmond upon Thames,2020-10-10,25.0,35.8,42.0,49.0,63.0,inferred
Richmond upon Thames,2020-10-11,26.0,37.0,43.0,50.0,63.0,inferred
Richmond upon Thames,2020-10-12,27.0,37.0,43.0,50.0,65.0,inferred
Richmond upon Thames,2020-10-13,28.0,38.0,44.0,51.0,66.0,inferred
Richmond upon Thames,2020-10-14,28.0,39.0,46.0,53.0,67.0,inferred
Richmond upon Thames,2020-10-15,29.0,40.0,46.0,53.0,68.0,inferred
Richmond upon Thames,2020-10-16,29.0,40.0,46.0,53.0,68.0,inferred
Richmond upon Thames,2020-10-17,29.0,40.0,47.0,54.0,69.0,inferred
Richmond upon Thames,2020-10-18,29.0,40.0,47.0,54.0,69.0,inferred
Richmond upon Thames,2020-10-19,29.0,41.0,47.0,55.0,70.0,inferred
Richmond upon Thames,2020-10-20,29.0,41.0,47.0,55.0,72.0,inferred
Richmond upon Thames,2020-10-21,29.0,41.0,48.0,55.0,71.0,inferred
Richmond upon Thames,2020-10-22,29.0,40.0,47.0,54.0,70.0,inferred
Richmond upon Thames,2020-10-23,28.0,39.0,45.0,53.0,67.0,inferred
Richmond upon Thames,2020-10-24,27.0,37.0,44.0,51.0,68.0,inferred
Richmond upon Thames,2020-10-25,25.0,37.0,43.0,51.0,67.0,inferred
Richmond upon Thames,2020-10-26,25.0,36.0,43.0,50.0,66.0,inferred
Richmond upon Thames,2020-10-27,25.0,36.0,43.0,50.0,67.0,inferred
Richmond upon Thames,2020-10-28,25.0,36.0,42.0,50.0,67.0,inferred
Richmond upon Thames,2020-10-29,22.0,34.0,41.0,49.0,69.0,inferred
Richmond upon Thames,2020-10-30,22.0,33.0,40.0,49.0,73.0,inferred
Rugby,2020-08-01,0.0,0.0,1.0,3.0,7.0,inferred
Rugby,2020-08-02,0.0,0.0,2.0,3.0,7.0,inferred
Rugby,2020-08-03,0.0,1.0,2.0,3.0,7.0,inferred
Rugby,2020-08-04,0.0,0.0,1.0,3.0,7.0,inferred
Rugby,2020-08-05,0.0,0.0,1.0,3.0,6.0,inferred
Rugby,2020-08-06,0.0,0.0,1.0,2.0,6.0,inferred
Rugby,2020-08-07,0.0,0.0,1.0,2.0,6.0,inferred
Rugby,2020-08-08,0.0,0.0,1.0,2.0,6.0,inferred
Rugby,2020-08-09,0.0,0.0,1.0,2.0,6.0,inferred
Rugby,2020-08-10,0.0,0.0,1.0,2.0,6.0,inferred
Rugby,2020-08-11,0.0,0.0,1.0,2.0,6.0,inferred
Rugby,2020-08-12,0.0,0.0,1.0,2.0,6.0,inferred
Rugby,2020-08-13,0.0,0.0,1.0,2.0,6.0,inferred
Rugby,2020-08-14,0.0,0.0,1.0,2.0,6.0,inferred
Rugby,2020-08-15,0.0,0.0,1.0,2.0,6.0,inferred
Rugby,2020-08-16,0.0,0.0,1.0,2.0,6.0,inferred
Rugby,2020-08-17,0.0,0.0,1.0,2.0,6.0,inferred
Rugby,2020-08-18,0.0,0.0,1.0,2.0,6.0,inferred
Rugby,2020-08-19,0.0,0.0,1.0,2.0,6.0,inferred
Rugby,2020-08-20,0.0,0.0,1.0,2.0,5.0,inferred
Rugby,2020-08-21,0.0,0.0,1.0,2.0,5.0,inferred
Rugby,2020-08-22,0.0,0.0,1.0,2.0,5.0,inferred
Rugby,2020-08-23,0.0,0.0,1.0,2.0,6.0,inferred
Rugby,2020-08-24,0.0,0.0,1.0,2.0,6.0,inferred
Rugby,2020-08-25,0.0,0.0,1.0,3.0,7.0,inferred
Rugby,2020-08-26,0.0,0.0,1.0,3.0,7.0,inferred
Rugby,2020-08-27,0.0,0.0,2.0,3.0,7.0,inferred
Rugby,2020-08-28,0.0,1.0,2.0,3.0,7.0,inferred
Rugby,2020-08-29,0.0,1.0,2.0,3.0,8.0,inferred
Rugby,2020-08-30,0.0,1.0,2.0,4.0,8.0,inferred
Rugby,2020-08-31,0.0,1.0,2.0,4.0,8.0,inferred
Rugby,2020-09-01,0.0,1.0,3.0,5.0,10.0,inferred
Rugby,2020-09-02,0.0,2.0,3.0,5.0,10.0,inferred
Rugby,2020-09-03,0.0,2.0,4.0,6.0,11.0,inferred
Rugby,2020-09-04,0.0,3.0,4.0,7.0,13.0,inferred
Rugby,2020-09-05,0.0,3.0,5.0,7.0,13.0,inferred
Rugby,2020-09-06,1.0,3.0,5.0,7.0,13.0,inferred
Rugby,2020-09-07,1.0,3.0,5.0,8.0,14.0,inferred
Rugby,2020-09-08,1.0,4.0,6.0,8.0,14.0,inferred
Rugby,2020-09-09,1.0,4.0,6.0,9.0,16.0,inferred
Rugby,2020-09-10,1.0,5.0,7.0,10.0,16.0,inferred
Rugby,2020-09-11,2.0,5.0,7.0,10.0,17.0,inferred
Rugby,2020-09-12,2.0,5.0,8.0,10.2,17.0,inferred
Rugby,2020-09-13,2.0,5.0,7.0,10.0,17.0,inferred
Rugby,2020-09-14,2.0,5.0,8.0,10.0,18.0,inferred
Rugby,2020-09-15,2.0,5.0,8.0,11.0,18.0,inferred
Rugby,2020-09-16,2.0,5.0,8.0,11.0,18.0,inferred
Rugby,2020-09-17,2.0,6.0,8.0,11.0,19.0,inferred
Rugby,2020-09-18,2.0,6.0,9.0,12.0,19.0,inferred
Rugby,2020-09-19,3.0,7.0,9.0,13.0,21.0,inferred
Rugby,2020-09-20,3.0,7.0,10.0,13.0,21.0,inferred
Rugby,2020-09-21,3.0,7.0,10.0,13.0,21.0,inferred
Rugby,2020-09-22,2.0,6.0,9.0,13.0,20.0,inferred
Rugby,2020-09-23,2.0,6.0,9.0,12.0,20.0,inferred
Rugby,2020-09-24,2.0,6.0,9.0,12.0,19.0,inferred
Rugby,2020-09-25,2.0,6.0,9.0,12.0,20.0,inferred
Rugby,2020-09-26,2.0,6.0,9.0,12.0,20.0,inferred
Rugby,2020-09-27,3.0,7.0,10.0,13.0,21.0,inferred
Rugby,2020-09-28,3.0,7.0,10.0,13.0,21.0,inferred
Rugby,2020-09-29,3.0,8.0,11.0,14.0,22.0,inferred
Rugby,2020-09-30,4.0,8.0,12.0,15.0,23.0,inferred
Rugby,2020-10-01,5.0,10.0,13.0,16.0,25.0,inferred
Rugby,2020-10-02,5.0,10.0,14.0,17.0,26.0,inferred
Rugby,2020-10-03,5.0,11.0,14.0,18.0,27.0,inferred
Rugby,2020-10-04,6.0,11.0,15.0,18.0,27.0,inferred
Rugby,2020-10-05,6.0,12.0,15.0,19.0,29.0,inferred
Rugby,2020-10-06,6.0,12.0,16.0,20.0,30.0,inferred
Rugby,2020-10-07,6.0,12.0,16.0,20.0,30.0,inferred
Rugby,2020-10-08,6.0,12.0,16.0,20.0,29.0,inferred
Rugby,2020-10-09,6.0,12.0,16.0,21.0,30.0,inferred
Rugby,2020-10-10,6.0,12.0,16.0,20.0,29.0,inferred
Rugby,2020-10-11,6.0,12.0,15.0,19.0,29.0,inferred
Rugby,2020-10-12,6.0,12.0,16.0,20.0,29.0,inferred
Rugby,2020-10-13,6.0,12.0,16.0,20.0,30.0,inferred
Rugby,2020-10-14,7.0,13.0,16.0,20.0,30.0,inferred
Rugby,2020-10-15,7.0,13.0,17.0,21.0,30.0,inferred
Rugby,2020-10-16,7.0,13.0,17.0,22.0,31.0,inferred
Rugby,2020-10-17,8.0,14.0,18.0,22.0,33.0,inferred
Rugby,2020-10-18,8.0,15.0,18.0,23.0,33.0,inferred
Rugby,2020-10-19,9.0,15.0,19.0,24.0,33.0,inferred
Rugby,2020-10-20,10.0,16.0,20.0,24.0,34.0,inferred
Rugby,2020-10-21,9.0,16.0,21.0,25.0,36.0,inferred
Rugby,2020-10-22,10.0,17.0,22.0,26.0,36.0,inferred
Rugby,2020-10-23,11.0,18.0,22.0,27.0,38.0,inferred
Rugby,2020-10-24,11.0,18.0,23.0,28.0,38.0,inferred
Rugby,2020-10-25,11.0,19.0,24.0,28.0,39.0,inferred
Rugby,2020-10-26,12.0,19.0,24.0,30.0,41.0,inferred
Rugby,2020-10-27,12.0,20.0,25.0,30.0,42.0,inferred
Rugby,2020-10-28,12.0,20.0,25.0,31.0,42.0,inferred
Rugby,2020-10-29,12.0,20.0,25.0,30.0,42.0,inferred
Rugby,2020-10-30,12.0,20.0,25.0,31.0,42.0,inferred
Runnymede,2020-08-01,0.0,0.0,0.0,1.0,4.0,inferred
Runnymede,2020-08-02,0.0,0.0,0.0,1.0,4.0,inferred
Runnymede,2020-08-03,0.0,0.0,0.0,1.0,4.0,inferred
Runnymede,2020-08-04,0.0,0.0,0.0,1.0,4.0,inferred
Runnymede,2020-08-05,0.0,0.0,0.0,1.0,4.0,inferred
Runnymede,2020-08-06,0.0,0.0,0.0,1.0,4.0,inferred
Runnymede,2020-08-07,0.0,0.0,0.0,1.0,4.0,inferred
Runnymede,2020-08-08,0.0,0.0,0.0,1.0,4.0,inferred
Runnymede,2020-08-09,0.0,0.0,0.0,1.0,4.0,inferred
Runnymede,2020-08-10,0.0,0.0,0.0,1.0,4.0,inferred
Runnymede,2020-08-11,0.0,0.0,0.0,1.0,5.0,inferred
Runnymede,2020-08-12,0.0,0.0,0.0,1.0,5.0,inferred
Runnymede,2020-08-13,0.0,0.0,1.0,2.0,5.0,inferred
Runnymede,2020-08-14,0.0,0.0,1.0,2.0,5.0,inferred
Runnymede,2020-08-15,0.0,0.0,1.0,2.0,5.0,inferred
Runnymede,2020-08-16,0.0,0.0,1.0,2.0,5.0,inferred
Runnymede,2020-08-17,0.0,0.0,1.0,2.0,5.0,inferred
Runnymede,2020-08-18,0.0,0.0,1.0,2.0,6.0,inferred
Runnymede,2020-08-19,0.0,0.0,1.0,2.0,6.0,inferred
Runnymede,2020-08-20,0.0,0.0,1.0,2.0,6.0,inferred
Runnymede,2020-08-21,0.0,0.0,1.0,2.0,5.0,inferred
Runnymede,2020-08-22,0.0,0.0,1.0,2.0,6.0,inferred
Runnymede,2020-08-23,0.0,0.0,1.0,2.0,5.0,inferred
Runnymede,2020-08-24,0.0,0.0,1.0,2.0,6.0,inferred
Runnymede,2020-08-25,0.0,0.0,1.0,2.0,5.0,inferred
Runnymede,2020-08-26,0.0,0.0,1.0,2.0,6.0,inferred
Runnymede,2020-08-27,0.0,0.0,1.0,2.0,6.0,inferred
Runnymede,2020-08-28,0.0,0.0,1.0,2.0,6.0,inferred
Runnymede,2020-08-29,0.0,0.0,1.0,2.0,6.0,inferred
Runnymede,2020-08-30,0.0,0.0,1.0,2.0,6.0,inferred
Runnymede,2020-08-31,0.0,0.0,1.0,2.0,6.0,inferred
Runnymede,2020-09-01,0.0,0.0,1.0,3.0,6.0,inferred
Runnymede,2020-09-02,0.0,0.0,1.0,3.0,7.0,inferred
Runnymede,2020-09-03,0.0,1.0,2.0,3.0,7.0,inferred
Runnymede,2020-09-04,0.0,1.0,2.0,3.0,8.0,inferred
Runnymede,2020-09-05,0.0,1.0,2.0,4.0,8.0,inferred
Runnymede,2020-09-06,0.0,1.0,2.0,4.0,8.0,inferred
Runnymede,2020-09-07,0.0,1.0,2.0,4.0,8.0,inferred
Runnymede,2020-09-08,0.0,1.0,2.0,4.0,8.0,inferred
Runnymede,2020-09-09,0.0,1.0,2.0,4.0,9.0,inferred
Runnymede,2020-09-10,0.0,1.0,3.0,4.0,10.0,inferred
Runnymede,2020-09-11,0.0,1.0,3.0,5.0,10.0,inferred
Runnymede,2020-09-12,0.0,1.0,3.0,5.0,10.0,inferred
Runnymede,2020-09-13,0.0,2.0,3.0,5.0,10.0,inferred
Runnymede,2020-09-14,0.0,2.0,3.0,5.0,10.0,inferred
Runnymede,2020-09-15,0.0,2.0,3.0,6.0,11.0,inferred
Runnymede,2020-09-16,0.0,2.0,3.0,5.0,10.0,inferred
Runnymede,2020-09-17,0.0,2.0,3.0,5.0,11.0,inferred
Runnymede,2020-09-18,0.0,2.0,3.0,5.0,11.0,inferred
Runnymede,2020-09-19,0.0,2.0,3.0,5.0,11.0,inferred
Runnymede,2020-09-20,0.0,2.0,4.0,6.0,12.0,inferred
Runnymede,2020-09-21,0.0,2.0,4.0,6.0,11.0,inferred
Runnymede,2020-09-22,0.0,2.0,4.0,6.0,12.0,inferred
Runnymede,2020-09-23,0.0,3.0,4.0,7.0,13.0,inferred
Runnymede,2020-09-24,0.0,3.0,5.0,7.0,13.0,inferred
Runnymede,2020-09-25,0.0,3.0,5.0,7.0,13.0,inferred
Runnymede,2020-09-26,1.0,3.0,5.0,8.0,14.0,inferred
Runnymede,2020-09-27,1.0,3.0,5.0,8.0,13.0,inferred
Runnymede,2020-09-28,1.0,4.0,6.0,8.0,14.0,inferred
Runnymede,2020-09-29,1.0,4.0,6.0,9.0,15.0,inferred
Runnymede,2020-09-30,1.0,4.0,7.0,9.0,16.0,inferred
Runnymede,2020-10-01,1.0,5.0,7.0,10.0,16.0,inferred
Runnymede,2020-10-02,2.0,5.0,7.0,10.0,17.0,inferred
Runnymede,2020-10-03,2.0,5.0,8.0,11.0,18.0,inferred
Runnymede,2020-10-04,2.0,6.0,8.0,11.0,19.0,inferred
Runnymede,2020-10-05,2.0,6.0,9.0,12.0,19.0,inferred
Runnymede,2020-10-06,2.0,6.0,9.0,12.0,20.0,inferred
Runnymede,2020-10-07,2.0,6.0,9.0,13.0,20.0,inferred
Runnymede,2020-10-08,2.0,6.0,9.0,12.0,20.0,inferred
Runnymede,2020-10-09,2.0,6.0,9.0,13.0,21.0,inferred
Runnymede,2020-10-10,3.0,7.0,9.0,13.0,21.0,inferred
Runnymede,2020-10-11,3.0,7.0,10.0,13.0,20.0,inferred
Runnymede,2020-10-12,3.0,8.0,11.0,14.0,22.0,inferred
Runnymede,2020-10-13,3.0,8.0,11.0,15.0,22.0,inferred
Runnymede,2020-10-14,4.0,8.0,11.0,15.0,22.0,inferred
Runnymede,2020-10-15,4.0,9.0,12.0,16.0,24.0,inferred
Runnymede,2020-10-16,4.0,9.0,12.0,16.0,25.0,inferred
Runnymede,2020-10-17,5.0,10.0,13.0,17.0,25.0,inferred
Runnymede,2020-10-18,5.0,10.0,14.0,18.0,28.0,inferred
Runnymede,2020-10-19,5.0,11.0,15.0,19.0,29.0,inferred
Runnymede,2020-10-20,6.0,12.0,16.0,20.0,29.0,inferred
Runnymede,2020-10-21,7.0,12.0,16.0,21.0,30.0,inferred
Runnymede,2020-10-22,7.0,13.0,17.0,22.0,31.0,inferred
Runnymede,2020-10-23,8.0,13.0,17.0,22.0,32.0,inferred
Runnymede,2020-10-24,8.0,14.0,18.0,22.0,33.0,inferred
Runnymede,2020-10-25,8.0,14.0,18.0,23.0,34.0,inferred
Runnymede,2020-10-26,8.0,14.0,18.0,23.0,34.0,inferred
Runnymede,2020-10-27,8.0,14.0,18.0,23.0,33.0,inferred
Runnymede,2020-10-28,7.0,14.0,18.0,22.0,33.0,inferred
Runnymede,2020-10-29,7.0,13.0,17.0,22.0,32.0,inferred
Runnymede,2020-10-30,6.0,13.0,17.0,21.0,31.0,inferred
Rushmoor,2020-08-01,0.0,0.0,0.0,1.0,4.0,inferred
Rushmoor,2020-08-02,0.0,0.0,0.0,0.0,3.0,inferred
Rushmoor,2020-08-03,0.0,0.0,0.0,0.0,2.0,inferred
Rushmoor,2020-08-04,0.0,0.0,0.0,0.0,3.0,inferred
Rushmoor,2020-08-05,0.0,0.0,0.0,0.0,2.0,inferred
Rushmoor,2020-08-06,0.0,0.0,0.0,0.0,3.0,inferred
Rushmoor,2020-08-07,0.0,0.0,0.0,1.0,3.0,inferred
Rushmoor,2020-08-08,0.0,0.0,0.0,1.0,4.0,inferred
Rushmoor,2020-08-09,0.0,0.0,0.0,1.0,4.0,inferred
Rushmoor,2020-08-10,0.0,0.0,0.0,1.0,4.0,inferred
Rushmoor,2020-08-11,0.0,0.0,0.0,1.0,4.0,inferred
Rushmoor,2020-08-12,0.0,0.0,0.0,1.0,4.0,inferred
Rushmoor,2020-08-13,0.0,0.0,0.0,1.0,4.0,inferred
Rushmoor,2020-08-14,0.0,0.0,0.0,1.0,4.0,inferred
Rushmoor,2020-08-15,0.0,0.0,0.0,1.0,5.0,inferred
Rushmoor,2020-08-16,0.0,0.0,0.0,1.0,5.0,inferred
Rushmoor,2020-08-17,0.0,0.0,0.0,2.0,5.0,inferred
Rushmoor,2020-08-18,0.0,0.0,1.0,2.0,5.0,inferred
Rushmoor,2020-08-19,0.0,0.0,1.0,2.0,5.0,inferred
Rushmoor,2020-08-20,0.0,0.0,1.0,2.0,5.0,inferred
Rushmoor,2020-08-21,0.0,0.0,1.0,2.0,5.0,inferred
Rushmoor,2020-08-22,0.0,0.0,1.0,2.0,5.0,inferred
Rushmoor,2020-08-23,0.0,0.0,0.0,1.0,5.0,inferred
Rushmoor,2020-08-24,0.0,0.0,0.0,1.0,5.0,inferred
Rushmoor,2020-08-25,0.0,0.0,0.0,1.0,5.0,inferred
Rushmoor,2020-08-26,0.0,0.0,0.0,1.0,5.0,inferred
Rushmoor,2020-08-27,0.0,0.0,1.0,2.0,5.0,inferred
Rushmoor,2020-08-28,0.0,0.0,1.0,2.0,5.0,inferred
Rushmoor,2020-08-29,0.0,0.0,1.0,2.0,6.0,inferred
Rushmoor,2020-08-30,0.0,0.0,1.0,2.0,6.0,inferred
Rushmoor,2020-08-31,0.0,0.0,1.0,3.0,7.0,inferred
Rushmoor,2020-09-01,0.0,0.0,1.0,3.0,7.0,inferred
Rushmoor,2020-09-02,0.0,0.0,1.0,3.0,7.0,inferred
Rushmoor,2020-09-03,0.0,0.0,1.0,3.0,7.0,inferred
Rushmoor,2020-09-04,0.0,0.0,1.0,3.0,7.0,inferred
Rushmoor,2020-09-05,0.0,0.0,1.0,3.0,7.0,inferred
Rushmoor,2020-09-06,0.0,1.0,2.0,3.0,7.0,inferred
Rushmoor,2020-09-07,0.0,1.0,2.0,3.0,8.0,inferred
Rushmoor,2020-09-08,0.0,1.0,2.0,4.0,8.0,inferred
Rushmoor,2020-09-09,0.0,1.0,2.0,4.0,8.0,inferred
Rushmoor,2020-09-10,0.0,1.0,2.0,4.0,8.0,inferred
Rushmoor,2020-09-11,0.0,1.0,2.0,4.0,8.0,inferred
Rushmoor,2020-09-12,0.0,1.0,2.0,4.0,9.0,inferred
Rushmoor,2020-09-13,0.0,1.0,2.0,4.0,9.0,inferred
Rushmoor,2020-09-14,0.0,1.0,2.0,4.0,8.0,inferred
Rushmoor,2020-09-15,0.0,1.0,2.0,4.0,8.0,inferred
Rushmoor,2020-09-16,0.0,1.0,2.0,4.0,8.0,inferred
Rushmoor,2020-09-17,0.0,1.0,2.0,4.0,9.0,inferred
Rushmoor,2020-09-18,0.0,1.0,2.0,4.0,9.0,inferred
Rushmoor,2020-09-19,0.0,1.0,2.0,4.0,9.0,inferred
Rushmoor,2020-09-20,0.0,1.0,3.0,5.0,9.0,inferred
Rushmoor,2020-09-21,0.0,1.0,3.0,5.0,10.0,inferred
Rushmoor,2020-09-22,0.0,2.0,3.0,5.0,10.0,inferred
Rushmoor,2020-09-23,0.0,2.0,3.0,5.0,11.0,inferred
Rushmoor,2020-09-24,0.0,2.0,4.0,6.0,11.0,inferred
Rushmoor,2020-09-25,0.0,2.0,4.0,6.0,12.0,inferred
Rushmoor,2020-09-26,0.0,2.0,4.0,7.0,12.0,inferred
Rushmoor,2020-09-27,0.0,3.0,5.0,7.0,13.0,inferred
Rushmoor,2020-09-28,1.0,3.0,5.0,8.0,14.0,inferred
Rushmoor,2020-09-29,1.0,4.0,6.0,9.0,15.0,inferred
Rushmoor,2020-09-30,1.0,4.0,6.0,9.0,16.0,inferred
Rushmoor,2020-10-01,1.0,4.0,7.0,10.0,16.0,inferred
Rushmoor,2020-10-02,1.0,5.0,7.0,10.0,17.0,inferred
Rushmoor,2020-10-03,2.0,5.0,8.0,11.0,19.0,inferred
Rushmoor,2020-10-04,2.0,6.0,8.0,11.0,19.0,inferred
Rushmoor,2020-10-05,2.0,6.0,8.0,11.0,19.0,inferred
Rushmoor,2020-10-06,2.0,6.0,8.0,12.0,20.0,inferred
Rushmoor,2020-10-07,2.0,6.0,9.0,12.0,19.0,inferred
Rushmoor,2020-10-08,3.0,7.0,9.0,13.0,20.0,inferred
Rushmoor,2020-10-09,3.0,7.0,10.0,13.0,21.0,inferred
Rushmoor,2020-10-10,4.0,8.0,11.0,14.0,22.0,inferred
Rushmoor,2020-10-11,4.0,9.0,12.0,15.0,23.0,inferred
Rushmoor,2020-10-12,4.0,9.0,13.0,16.0,24.0,inferred
Rushmoor,2020-10-13,5.0,10.0,13.0,17.0,26.0,inferred
Rushmoor,2020-10-14,5.0,11.0,14.0,18.0,27.0,inferred
Rushmoor,2020-10-15,6.0,11.0,15.0,19.0,28.0,inferred
Rushmoor,2020-10-16,5.0,11.0,15.0,20.0,28.0,inferred
Rushmoor,2020-10-17,6.0,12.0,15.0,20.0,29.0,inferred
Rushmoor,2020-10-18,6.0,12.0,16.0,20.0,30.0,inferred
Rushmoor,2020-10-19,7.0,12.0,16.0,21.0,31.0,inferred
Rushmoor,2020-10-20,6.0,12.0,17.0,21.0,31.0,inferred
Rushmoor,2020-10-21,6.0,13.0,16.0,21.0,32.0,inferred
Rushmoor,2020-10-22,6.0,12.0,16.0,21.0,31.0,inferred
Rushmoor,2020-10-23,6.0,12.0,16.0,20.0,29.0,inferred
Rushmoor,2020-10-24,6.0,12.0,15.0,20.0,29.0,inferred
Rushmoor,2020-10-25,6.0,11.0,15.0,19.0,29.0,inferred
Rushmoor,2020-10-26,6.0,11.0,15.0,19.0,28.0,inferred
Rushmoor,2020-10-27,6.0,11.0,15.0,19.0,28.0,inferred
Rushmoor,2020-10-28,6.0,12.0,15.0,19.0,28.0,inferred
Rushmoor,2020-10-29,6.0,12.0,15.0,20.0,29.0,inferred
Rushmoor,2020-10-30,6.0,11.0,15.0,19.0,30.0,inferred
Sandwell,2020-08-01,2.0,6.0,9.0,12.0,19.0,inferred
Sandwell,2020-08-02,2.0,6.0,9.0,12.0,19.0,inferred
Sandwell,2020-08-03,3.0,7.0,9.0,12.0,20.0,inferred
Sandwell,2020-08-04,3.0,7.0,10.0,13.0,21.0,inferred
Sandwell,2020-08-05,3.0,8.0,11.0,14.0,22.0,inferred
Sandwell,2020-08-06,4.0,8.0,11.0,15.0,23.0,inferred
Sandwell,2020-08-07,4.0,9.0,12.0,15.0,23.0,inferred
Sandwell,2020-08-08,4.0,9.0,12.0,16.0,24.0,inferred
Sandwell,2020-08-09,4.0,9.0,12.0,16.0,25.0,inferred
Sandwell,2020-08-10,4.0,9.0,12.0,16.0,25.0,inferred
Sandwell,2020-08-11,4.0,9.0,12.0,15.0,24.0,inferred
Sandwell,2020-08-12,3.0,8.0,11.0,15.0,23.0,inferred
Sandwell,2020-08-13,4.0,8.0,11.0,14.0,22.0,inferred
Sandwell,2020-08-14,3.0,7.0,10.0,14.0,22.0,inferred
Sandwell,2020-08-15,3.0,7.0,10.0,13.0,21.0,inferred
Sandwell,2020-08-16,3.0,7.0,10.0,13.0,21.0,inferred
Sandwell,2020-08-17,3.0,7.0,10.0,13.0,21.0,inferred
Sandwell,2020-08-18,3.0,7.0,10.0,13.0,21.0,inferred
Sandwell,2020-08-19,3.0,7.0,10.0,14.0,22.0,inferred
Sandwell,2020-08-20,3.0,8.0,11.0,14.0,22.0,inferred
Sandwell,2020-08-21,3.0,8.0,11.0,15.0,23.0,inferred
Sandwell,2020-08-22,4.0,8.0,12.0,15.2,25.0,inferred
Sandwell,2020-08-23,4.0,9.0,12.0,16.0,25.0,inferred
Sandwell,2020-08-24,4.0,9.0,12.0,16.0,24.0,inferred
Sandwell,2020-08-25,4.0,9.0,12.0,16.0,25.0,inferred
Sandwell,2020-08-26,4.0,9.0,12.0,16.0,24.0,inferred
Sandwell,2020-08-27,4.0,9.0,12.0,15.0,23.0,inferred
Sandwell,2020-08-28,4.0,8.0,12.0,15.0,24.0,inferred
Sandwell,2020-08-29,3.0,8.0,11.0,15.0,24.0,inferred
Sandwell,2020-08-30,4.0,8.0,12.0,15.0,24.0,inferred
Sandwell,2020-08-31,4.0,9.0,13.0,17.0,25.0,inferred
Sandwell,2020-09-01,5.0,11.0,14.5,19.0,29.0,inferred
Sandwell,2020-09-02,7.0,13.0,17.0,21.0,31.0,inferred
Sandwell,2020-09-03,8.0,15.0,19.0,24.0,35.0,inferred
Sandwell,2020-09-04,10.0,17.0,22.0,27.0,38.0,inferred
Sandwell,2020-09-05,11.0,19.0,24.0,29.0,40.0,inferred
Sandwell,2020-09-06,13.0,21.0,26.0,31.2,43.0,inferred
Sandwell,2020-09-07,14.0,23.0,28.0,33.0,46.0,inferred
Sandwell,2020-09-08,16.0,24.0,29.0,35.0,46.0,inferred
Sandwell,2020-09-09,16.0,25.0,30.0,36.0,48.0,inferred
Sandwell,2020-09-10,16.0,25.0,30.0,36.0,48.0,inferred
Sandwell,2020-09-11,16.0,25.0,30.0,36.0,47.0,inferred
Sandwell,2020-09-12,16.0,24.8,30.0,36.0,48.0,inferred
Sandwell,2020-09-13,16.0,24.0,30.0,36.0,48.0,inferred
Sandwell,2020-09-14,17.0,26.0,32.0,38.0,50.0,inferred
Sandwell,2020-09-15,20.0,30.0,35.0,42.0,54.0,inferred
Sandwell,2020-09-16,23.0,33.0,39.0,46.0,59.0,inferred
Sandwell,2020-09-17,26.0,37.0,43.0,50.0,65.0,inferred
Sandwell,2020-09-18,29.0,41.0,47.0,54.0,70.0,inferred
Sandwell,2020-09-19,30.0,42.0,49.0,57.0,72.0,inferred
Sandwell,2020-09-20,32.0,44.0,50.0,58.0,74.0,inferred
Sandwell,2020-09-21,31.0,44.0,51.0,58.0,75.0,inferred
Sandwell,2020-09-22,31.0,43.0,50.0,58.0,73.0,inferred
Sandwell,2020-09-23,32.0,43.0,51.0,59.0,74.0,inferred
Sandwell,2020-09-24,31.0,44.0,51.0,59.0,75.0,inferred
Sandwell,2020-09-25,33.0,45.0,53.0,60.0,76.0,inferred
Sandwell,2020-09-26,34.0,46.0,53.0,61.0,76.0,inferred
Sandwell,2020-09-27,35.0,47.0,55.0,62.0,78.0,inferred
Sandwell,2020-09-28,36.0,48.0,55.0,62.0,76.0,inferred
Sandwell,2020-09-29,36.0,48.0,56.0,63.0,79.0,inferred
Sandwell,2020-09-30,36.0,49.0,56.0,64.0,81.0,inferred
Sandwell,2020-10-01,35.0,48.0,56.0,65.0,83.0,inferred
Sandwell,2020-10-02,37.0,49.0,57.0,65.0,82.0,inferred
Sandwell,2020-10-03,38.0,50.0,58.0,66.0,84.0,inferred
Sandwell,2020-10-04,38.0,51.0,59.0,67.0,85.0,inferred
Sandwell,2020-10-05,40.0,53.0,61.0,69.0,86.0,inferred
Sandwell,2020-10-06,42.0,55.0,63.0,72.0,89.0,inferred
Sandwell,2020-10-07,46.0,59.0,67.0,76.0,93.0,inferred
Sandwell,2020-10-08,49.0,63.0,71.0,80.0,99.0,inferred
Sandwell,2020-10-09,51.0,67.0,75.0,84.0,103.0,inferred
Sandwell,2020-10-10,55.0,69.0,78.0,87.0,106.0,inferred
Sandwell,2020-10-11,58.0,74.0,82.0,92.0,112.0,inferred
Sandwell,2020-10-12,64.0,79.0,88.0,97.0,117.0,inferred
Sandwell,2020-10-13,68.0,83.0,93.0,103.0,123.0,inferred
Sandwell,2020-10-14,73.0,89.0,99.0,108.0,129.0,inferred
Sandwell,2020-10-15,76.0,94.0,103.0,114.0,137.0,inferred
Sandwell,2020-10-16,78.0,96.0,107.0,118.0,143.0,inferred
Sandwell,2020-10-17,83.0,101.0,112.0,123.0,147.0,inferred
Sandwell,2020-10-18,86.0,106.0,117.0,130.0,157.0,inferred
Sandwell,2020-10-19,93.0,112.0,123.0,136.0,161.0,inferred
Sandwell,2020-10-20,99.0,119.0,131.0,143.0,173.0,inferred
Sandwell,2020-10-21,102.0,124.0,136.0,150.0,178.0,inferred
Sandwell,2020-10-22,103.0,127.0,141.0,155.0,185.0,inferred
Sandwell,2020-10-23,105.0,129.0,144.0,160.0,193.0,inferred
Sandwell,2020-10-24,110.0,133.0,147.0,162.0,197.0,inferred
Sandwell,2020-10-25,116.0,141.0,154.0,168.0,203.0,inferred
Sandwell,2020-10-26,125.0,149.0,162.0,177.0,208.0,inferred
Sandwell,2020-10-27,131.0,156.0,170.0,184.0,212.0,inferred
Sandwell,2020-10-28,138.0,164.0,178.0,192.0,223.0,inferred
Sandwell,2020-10-29,141.0,168.0,182.0,199.0,231.0,inferred
Sandwell,2020-10-30,144.0,171.0,188.0,205.0,240.0,inferred
Slough,2020-08-01,0.0,1.0,2.0,4.0,8.0,inferred
Slough,2020-08-02,0.0,1.0,2.0,4.0,9.0,inferred
Slough,2020-08-03,0.0,1.0,3.0,4.0,9.0,inferred
Slough,2020-08-04,0.0,2.0,3.0,5.0,10.0,inferred
Slough,2020-08-05,0.0,2.0,3.0,5.0,10.0,inferred
Slough,2020-08-06,0.0,2.0,3.0,5.0,10.0,inferred
Slough,2020-08-07,0.0,2.0,3.0,6.0,11.0,inferred
Slough,2020-08-08,0.0,2.0,3.0,6.0,11.0,inferred
Slough,2020-08-09,0.0,2.0,3.5,6.0,11.0,inferred
Slough,2020-08-10,0.0,2.0,3.0,5.0,11.0,inferred
Slough,2020-08-11,0.0,2.0,3.0,5.0,10.0,inferred
Slough,2020-08-12,0.0,1.0,3.0,5.0,10.0,inferred
Slough,2020-08-13,0.0,1.0,3.0,4.0,9.0,inferred
Slough,2020-08-14,0.0,1.0,2.0,4.0,9.0,inferred
Slough,2020-08-15,0.0,1.0,2.0,4.0,8.0,inferred
Slough,2020-08-16,0.0,1.0,2.0,4.0,8.0,inferred
Slough,2020-08-17,0.0,1.0,2.0,4.0,8.0,inferred
Slough,2020-08-18,0.0,1.0,2.0,4.0,8.0,inferred
Slough,2020-08-19,0.0,1.0,2.0,4.0,8.0,inferred
Slough,2020-08-20,0.0,1.0,2.0,4.0,9.0,inferred
Slough,2020-08-21,0.0,1.0,2.0,4.0,8.0,inferred
Slough,2020-08-22,0.0,1.0,2.0,4.0,8.0,inferred
Slough,2020-08-23,0.0,1.0,2.0,4.0,8.0,inferred
Slough,2020-08-24,0.0,1.0,2.0,3.0,8.0,inferred
Slough,2020-08-25,0.0,1.0,2.0,3.0,8.0,inferred
Slough,2020-08-26,0.0,1.0,2.0,3.0,8.0,inferred
Slough,2020-08-27,0.0,1.0,2.0,4.0,8.0,inferred
Slough,2020-08-28,0.0,1.0,2.0,4.0,9.0,inferred
Slough,2020-08-29,0.0,1.0,2.0,4.0,9.0,inferred
Slough,2020-08-30,0.0,1.0,3.0,5.0,9.0,inferred
Slough,2020-08-31,0.0,1.0,3.0,5.0,10.0,inferred
Slough,2020-09-01,0.0,2.0,3.0,5.0,11.0,inferred
Slough,2020-09-02,0.0,2.0,4.0,6.0,11.0,inferred
Slough,2020-09-03,0.0,2.0,4.0,6.0,12.0,inferred
Slough,2020-09-04,0.0,2.0,4.0,7.0,13.0,inferred
Slough,2020-09-05,0.0,3.0,5.0,7.0,13.0,inferred
Slough,2020-09-06,0.0,3.0,4.0,7.0,13.0,inferred
Slough,2020-09-07,0.0,3.0,5.0,7.0,13.0,inferred
Slough,2020-09-08,0.0,3.0,5.0,7.0,13.0,inferred
Slough,2020-09-09,0.0,3.0,5.0,7.0,13.0,inferred
Slough,2020-09-10,0.0,2.0,4.0,7.0,13.0,inferred
Slough,2020-09-11,0.0,2.0,4.0,7.0,13.0,inferred
Slough,2020-09-12,0.0,2.0,4.0,7.0,13.0,inferred
Slough,2020-09-13,0.0,2.0,4.0,6.0,12.0,inferred
Slough,2020-09-14,0.0,2.0,4.0,6.0,12.0,inferred
Slough,2020-09-15,0.0,3.0,4.0,7.0,12.0,inferred
Slough,2020-09-16,1.0,3.0,5.0,8.0,14.0,inferred
Slough,2020-09-17,1.0,4.0,6.0,9.0,16.0,inferred
Slough,2020-09-18,2.0,5.0,7.0,10.0,17.0,inferred
Slough,2020-09-19,2.0,6.0,9.0,12.0,19.0,inferred
Slough,2020-09-20,3.0,7.0,10.0,13.0,22.0,inferred
Slough,2020-09-21,4.0,9.0,12.0,15.0,24.0,inferred
Slough,2020-09-22,4.0,10.0,13.0,17.0,26.0,inferred
Slough,2020-09-23,5.0,11.0,15.0,19.0,28.0,inferred
Slough,2020-09-24,6.0,12.0,16.0,20.0,29.0,inferred
Slough,2020-09-25,6.0,13.0,16.0,21.0,30.0,inferred
Slough,2020-09-26,7.0,13.0,17.0,21.0,31.0,inferred
Slough,2020-09-27,7.0,13.0,17.0,21.0,31.0,inferred
Slough,2020-09-28,8.0,13.0,17.0,22.0,32.0,inferred
Slough,2020-09-29,7.0,14.0,18.0,22.0,33.0,inferred
Slough,2020-09-30,7.0,14.0,18.0,23.0,32.0,inferred
Slough,2020-10-01,7.0,14.0,18.0,23.0,33.0,inferred
Slough,2020-10-02,7.0,14.0,18.0,23.0,34.0,inferred
Slough,2020-10-03,8.0,15.0,19.0,24.0,35.0,inferred
Slough,2020-10-04,9.0,15.0,19.0,23.0,34.0,inferred
Slough,2020-10-05,9.0,15.0,20.0,24.0,34.0,inferred
Slough,2020-10-06,9.0,16.0,20.0,25.0,35.0,inferred
Slough,2020-10-07,10.0,17.0,21.0,26.0,36.0,inferred
Slough,2020-10-08,10.0,17.0,22.0,27.0,38.0,inferred
Slough,2020-10-09,10.0,18.0,22.0,27.0,38.0,inferred
Slough,2020-10-10,11.0,18.0,23.0,28.0,40.0,inferred
Slough,2020-10-11,12.0,20.0,25.0,30.0,40.0,inferred
Slough,2020-10-12,14.0,21.0,26.0,31.0,43.0,inferred
Slough,2020-10-13,15.0,23.0,28.0,33.0,45.0,inferred
Slough,2020-10-14,16.0,24.0,30.0,35.0,48.0,inferred
Slough,2020-10-15,18.0,26.0,31.0,37.0,50.0,inferred
Slough,2020-10-16,18.0,27.0,33.0,39.0,52.0,inferred
Slough,2020-10-17,19.0,28.0,34.0,40.0,53.0,inferred
Slough,2020-10-18,19.0,29.0,34.0,41.0,54.0,inferred
Slough,2020-10-19,20.0,29.0,35.0,41.0,55.0,inferred
Slough,2020-10-20,20.0,30.0,35.0,42.0,56.0,inferred
Slough,2020-10-21,21.0,30.0,37.0,43.0,57.0,inferred
Slough,2020-10-22,21.0,31.0,37.0,44.0,60.0,inferred
Slough,2020-10-23,22.0,32.0,38.0,45.0,60.0,inferred
Slough,2020-10-24,23.0,33.0,40.0,46.0,62.0,inferred
Slough,2020-10-25,24.0,34.0,41.0,48.0,63.0,inferred
Slough,2020-10-26,26.0,37.0,44.0,51.0,65.0,inferred
Slough,2020-10-27,27.0,39.0,46.0,53.0,69.0,inferred
Slough,2020-10-28,29.0,41.0,49.0,56.0,72.0,inferred
Slough,2020-10-29,29.0,43.0,51.0,60.0,78.0,inferred
Slough,2020-10-30,29.0,45.0,53.0,63.0,85.0,inferred
Solihull,2020-08-01,0.0,1.0,2.0,3.0,7.0,inferred
Solihull,2020-08-02,0.0,1.0,2.0,3.0,8.0,inferred
Solihull,2020-08-03,0.0,1.0,2.0,4.0,8.0,inferred
Solihull,2020-08-04,0.0,1.0,3.0,5.0,10.0,inferred
Solihull,2020-08-05,0.0,1.0,3.0,5.0,10.0,inferred
Solihull,2020-08-06,0.0,1.0,3.0,4.0,9.0,inferred
Solihull,2020-08-07,0.0,1.0,2.0,4.0,9.0,inferred
Solihull,2020-08-08,0.0,1.0,2.0,4.0,9.0,inferred
Solihull,2020-08-09,0.0,1.0,2.0,4.0,9.0,inferred
Solihull,2020-08-10,0.0,1.0,2.0,4.0,9.0,inferred
Solihull,2020-08-11,0.0,1.0,2.0,4.0,9.0,inferred
Solihull,2020-08-12,0.0,1.0,2.0,4.0,9.0,inferred
Solihull,2020-08-13,0.0,1.0,2.0,4.0,9.0,inferred
Solihull,2020-08-14,0.0,1.0,2.0,4.0,9.0,inferred
Solihull,2020-08-15,0.0,1.0,2.0,4.0,9.0,inferred
Solihull,2020-08-16,0.0,1.0,2.0,4.0,9.0,inferred
Solihull,2020-08-17,0.0,1.0,2.0,4.0,9.0,inferred
Solihull,2020-08-18,0.0,1.0,2.0,4.0,9.0,inferred
Solihull,2020-08-19,0.0,1.0,2.0,4.0,9.0,inferred
Solihull,2020-08-20,0.0,1.0,2.0,4.0,9.0,inferred
Solihull,2020-08-21,0.0,1.0,2.0,4.0,9.0,inferred
Solihull,2020-08-22,0.0,1.0,2.0,4.0,9.0,inferred
Solihull,2020-08-23,0.0,1.0,3.0,4.0,10.0,inferred
Solihull,2020-08-24,0.0,1.0,3.0,5.0,10.0,inferred
Solihull,2020-08-25,0.0,2.0,3.0,5.0,11.0,inferred
Solihull,2020-08-26,0.0,2.0,4.0,6.0,11.0,inferred
Solihull,2020-08-27,0.0,2.0,4.0,6.0,12.0,inferred
Solihull,2020-08-28,0.0,3.0,5.0,7.0,14.0,inferred
Solihull,2020-08-29,1.0,3.0,6.0,9.0,15.0,inferred
Solihull,2020-08-30,1.0,5.0,7.0,10.0,17.0,inferred
Solihull,2020-08-31,2.0,6.0,8.0,12.0,19.0,inferred
Solihull,2020-09-01,3.0,8.0,11.0,14.0,23.0,inferred
Solihull,2020-09-02,5.0,10.0,14.0,18.0,26.0,inferred
Solihull,2020-09-03,6.0,12.0,16.0,20.0,29.0,inferred
Solihull,2020-09-04,8.0,14.0,18.0,23.0,33.0,inferred
Solihull,2020-09-05,9.0,16.0,20.0,25.0,35.0,inferred
Solihull,2020-09-06,9.0,17.0,21.0,26.0,37.0,inferred
Solihull,2020-09-07,10.0,18.0,22.0,28.0,39.0,inferred
Solihull,2020-09-08,11.0,19.0,23.0,29.0,41.0,inferred
Solihull,2020-09-09,11.0,19.0,24.0,29.0,40.0,inferred
Solihull,2020-09-10,11.0,19.0,24.0,29.0,42.0,inferred
Solihull,2020-09-11,11.0,18.0,23.0,28.0,39.0,inferred
Solihull,2020-09-12,10.0,17.0,22.0,27.0,38.0,inferred
Solihull,2020-09-13,9.0,16.0,20.0,25.0,36.0,inferred
Solihull,2020-09-14,8.0,15.0,20.0,25.0,36.0,inferred
Solihull,2020-09-15,9.0,15.0,20.0,25.0,35.0,inferred
Solihull,2020-09-16,9.0,16.0,20.0,25.0,36.0,inferred
Solihull,2020-09-17,9.0,16.0,21.0,26.0,38.0,inferred
Solihull,2020-09-18,10.0,17.0,22.0,27.0,39.0,inferred
Solihull,2020-09-19,11.0,19.0,23.0,29.0,40.0,inferred
Solihull,2020-09-20,12.0,19.0,24.0,30.0,41.0,inferred
Solihull,2020-09-21,13.0,21.0,26.0,31.0,43.0,inferred
Solihull,2020-09-22,13.0,22.0,27.0,33.0,44.0,inferred
Solihull,2020-09-23,14.0,23.0,28.0,33.0,46.0,inferred
Solihull,2020-09-24,15.0,24.0,29.0,34.0,47.0,inferred
Solihull,2020-09-25,15.0,24.0,29.0,35.0,48.0,inferred
Solihull,2020-09-26,16.0,24.0,30.0,36.0,48.0,inferred
Solihull,2020-09-27,17.0,26.0,31.0,37.0,51.0,inferred
Solihull,2020-09-28,18.0,27.0,32.0,39.0,52.0,inferred
Solihull,2020-09-29,18.0,27.0,34.0,39.0,52.0,inferred
Solihull,2020-09-30,18.0,29.0,34.0,41.0,54.0,inferred
Solihull,2020-10-01,20.0,30.0,36.0,42.0,56.0,inferred
Solihull,2020-10-02,21.0,31.0,37.0,44.0,59.0,inferred
Solihull,2020-10-03,23.0,33.0,39.0,46.0,60.0,inferred
Solihull,2020-10-04,25.0,36.0,42.0,48.0,62.0,inferred
Solihull,2020-10-05,27.0,38.0,44.0,51.0,65.0,inferred
Solihull,2020-10-06,29.0,40.0,47.0,54.0,70.0,inferred
Solihull,2020-10-07,31.0,42.0,49.0,57.0,73.0,inferred
Solihull,2020-10-08,31.0,44.0,51.0,59.0,77.0,inferred
Solihull,2020-10-09,33.0,45.0,53.0,61.0,78.0,inferred
Solihull,2020-10-10,34.0,46.0,54.0,62.0,78.0,inferred
Solihull,2020-10-11,36.0,49.0,56.0,64.0,80.0,inferred
Solihull,2020-10-12,38.0,52.0,59.0,67.0,83.0,inferred
Solihull,2020-10-13,41.0,53.0,61.0,69.0,87.0,inferred
Solihull,2020-10-14,42.0,55.0,63.0,71.0,88.0,inferred
Solihull,2020-10-15,44.0,57.0,65.0,74.0,92.0,inferred
Solihull,2020-10-16,46.0,59.0,68.0,76.0,95.0,inferred
Solihull,2020-10-17,47.0,62.0,70.0,79.0,99.0,inferred
Solihull,2020-10-18,50.0,63.0,72.0,81.0,100.0,inferred
Solihull,2020-10-19,51.0,65.0,73.0,82.0,100.0,inferred
Solihull,2020-10-20,51.0,66.0,75.0,83.0,102.0,inferred
Solihull,2020-10-21,52.0,66.0,75.0,84.0,102.0,inferred
Solihull,2020-10-22,51.0,65.0,73.0,82.0,101.0,inferred
Solihull,2020-10-23,50.0,64.0,73.0,82.0,100.0,inferred
Solihull,2020-10-24,51.0,65.0,74.0,83.0,100.0,inferred
Solihull,2020-10-25,53.0,68.0,76.0,86.0,104.0,inferred
Solihull,2020-10-26,55.0,71.0,79.0,89.0,109.0,inferred
Solihull,2020-10-27,58.0,74.0,83.0,93.0,113.0,inferred
Solihull,2020-10-28,62.0,78.0,88.0,99.0,120.0,inferred
Solihull,2020-10-29,65.0,83.0,93.0,105.0,129.0,inferred
Solihull,2020-10-30,65.0,86.0,98.0,111.0,137.0,inferred
South Cambridgeshire,2020-08-01,0.0,0.0,0.0,1.0,4.0,inferred
South Cambridgeshire,2020-08-02,0.0,0.0,0.0,1.0,4.0,inferred
South Cambridgeshire,2020-08-03,0.0,0.0,0.0,1.0,3.0,inferred
South Cambridgeshire,2020-08-04,0.0,0.0,0.0,1.0,3.0,inferred
South Cambridgeshire,2020-08-05,0.0,0.0,0.0,1.0,3.0,inferred
South Cambridgeshire,2020-08-06,0.0,0.0,0.0,1.0,4.0,inferred
South Cambridgeshire,2020-08-07,0.0,0.0,0.0,1.0,4.0,inferred
South Cambridgeshire,2020-08-08,0.0,0.0,0.0,1.0,4.0,inferred
South Cambridgeshire,2020-08-09,0.0,0.0,0.0,1.0,4.0,inferred
South Cambridgeshire,2020-08-10,0.0,0.0,0.0,1.0,4.0,inferred
South Cambridgeshire,2020-08-11,0.0,0.0,0.0,1.0,4.0,inferred
South Cambridgeshire,2020-08-12,0.0,0.0,0.0,1.0,5.0,inferred
South Cambridgeshire,2020-08-13,0.0,0.0,0.0,1.0,4.0,inferred
South Cambridgeshire,2020-08-14,0.0,0.0,0.0,1.0,4.0,inferred
South Cambridgeshire,2020-08-15,0.0,0.0,0.0,1.0,4.0,inferred
South Cambridgeshire,2020-08-16,0.0,0.0,0.0,1.0,5.0,inferred
South Cambridgeshire,2020-08-17,0.0,0.0,0.0,2.0,5.0,inferred
South Cambridgeshire,2020-08-18,0.0,0.0,1.0,2.0,5.0,inferred
South Cambridgeshire,2020-08-19,0.0,0.0,1.0,2.0,5.0,inferred
South Cambridgeshire,2020-08-20,0.0,0.0,1.0,2.0,5.0,inferred
South Cambridgeshire,2020-08-21,0.0,0.0,1.0,2.0,6.0,inferred
South Cambridgeshire,2020-08-22,0.0,0.0,1.0,2.0,5.0,inferred
South Cambridgeshire,2020-08-23,0.0,0.0,1.0,2.0,6.0,inferred
South Cambridgeshire,2020-08-24,0.0,0.0,1.0,2.0,6.0,inferred
South Cambridgeshire,2020-08-25,0.0,0.0,1.0,2.0,6.0,inferred
South Cambridgeshire,2020-08-26,0.0,0.0,1.0,2.0,6.0,inferred
South Cambridgeshire,2020-08-27,0.0,0.0,1.0,2.0,6.0,inferred
South Cambridgeshire,2020-08-28,0.0,0.0,1.0,3.0,6.0,inferred
South Cambridgeshire,2020-08-29,0.0,0.0,1.0,3.0,6.0,inferred
South Cambridgeshire,2020-08-30,0.0,0.0,1.0,3.0,7.0,inferred
South Cambridgeshire,2020-08-31,0.0,0.0,1.0,3.0,7.0,inferred
South Cambridgeshire,2020-09-01,0.0,1.0,1.0,3.0,7.0,inferred
South Cambridgeshire,2020-09-02,0.0,1.0,2.0,3.0,7.0,inferred
South Cambridgeshire,2020-09-03,0.0,1.0,2.0,3.0,8.0,inferred
South Cambridgeshire,2020-09-04,0.0,1.0,2.0,3.0,8.0,inferred
South Cambridgeshire,2020-09-05,0.0,1.0,2.0,4.0,8.0,inferred
South Cambridgeshire,2020-09-06,0.0,1.0,2.0,4.0,8.0,inferred
South Cambridgeshire,2020-09-07,0.0,1.0,2.0,4.0,9.0,inferred
South Cambridgeshire,2020-09-08,0.0,1.0,2.0,4.0,9.0,inferred
South Cambridgeshire,2020-09-09,0.0,1.0,2.0,4.0,8.0,inferred
South Cambridgeshire,2020-09-10,0.0,1.0,2.0,4.0,9.0,inferred
South Cambridgeshire,2020-09-11,0.0,1.0,2.0,4.0,8.0,inferred
South Cambridgeshire,2020-09-12,0.0,1.0,2.0,3.0,8.0,inferred
South Cambridgeshire,2020-09-13,0.0,1.0,2.0,4.0,8.0,inferred
South Cambridgeshire,2020-09-14,0.0,1.0,2.0,3.0,8.0,inferred
South Cambridgeshire,2020-09-15,0.0,1.0,2.0,4.0,8.0,inferred
South Cambridgeshire,2020-09-16,0.0,1.0,2.0,4.0,9.0,inferred
South Cambridgeshire,2020-09-17,0.0,1.0,2.0,4.0,9.0,inferred
South Cambridgeshire,2020-09-18,0.0,1.0,2.0,4.0,9.0,inferred
South Cambridgeshire,2020-09-19,0.0,1.0,3.0,4.0,9.0,inferred
South Cambridgeshire,2020-09-20,0.0,1.0,3.0,5.0,10.0,inferred
South Cambridgeshire,2020-09-21,0.0,2.0,3.0,5.0,10.0,inferred
South Cambridgeshire,2020-09-22,0.0,2.0,3.0,5.0,10.0,inferred
South Cambridgeshire,2020-09-23,0.0,2.0,4.0,6.0,12.0,inferred
South Cambridgeshire,2020-09-24,0.0,3.0,4.0,7.0,13.0,inferred
South Cambridgeshire,2020-09-25,1.0,3.0,5.0,8.0,13.0,inferred
South Cambridgeshire,2020-09-26,1.0,4.0,6.0,9.0,15.0,inferred
South Cambridgeshire,2020-09-27,2.0,5.0,7.0,10.0,16.0,inferred
South Cambridgeshire,2020-09-28,2.0,5.0,8.0,11.0,18.0,inferred
South Cambridgeshire,2020-09-29,2.0,6.0,9.0,12.0,19.0,inferred
South Cambridgeshire,2020-09-30,3.0,7.0,10.0,13.0,22.0,inferred
South Cambridgeshire,2020-10-01,3.0,8.0,11.0,15.0,23.0,inferred
South Cambridgeshire,2020-10-02,4.0,8.0,12.0,16.0,25.0,inferred
South Cambridgeshire,2020-10-03,4.0,9.0,13.0,16.0,25.0,inferred
South Cambridgeshire,2020-10-04,5.0,9.0,13.0,17.0,27.0,inferred
South Cambridgeshire,2020-10-05,5.0,10.0,14.0,18.0,27.0,inferred
South Cambridgeshire,2020-10-06,5.0,11.0,15.0,19.0,28.0,inferred
South Cambridgeshire,2020-10-07,6.0,12.0,15.0,20.0,29.0,inferred
South Cambridgeshire,2020-10-08,6.0,12.0,15.0,19.0,29.0,inferred
South Cambridgeshire,2020-10-09,6.0,11.0,15.0,19.0,28.0,inferred
South Cambridgeshire,2020-10-10,5.0,11.0,15.0,19.0,27.0,inferred
South Cambridgeshire,2020-10-11,6.0,11.0,14.0,18.0,28.0,inferred
South Cambridgeshire,2020-10-12,5.0,10.0,14.0,18.0,27.0,inferred
South Cambridgeshire,2020-10-13,5.0,10.0,14.0,18.0,26.0,inferred
South Cambridgeshire,2020-10-14,5.0,11.0,14.0,18.0,27.0,inferred
South Cambridgeshire,2020-10-15,6.0,11.0,15.0,19.0,27.0,inferred
South Cambridgeshire,2020-10-16,6.0,11.0,15.0,19.0,28.0,inferred
South Cambridgeshire,2020-10-17,6.0,11.0,15.0,19.0,28.0,inferred
South Cambridgeshire,2020-10-18,6.0,12.0,15.0,20.0,28.0,inferred
South Cambridgeshire,2020-10-19,7.0,12.0,16.0,20.0,29.0,inferred
South Cambridgeshire,2020-10-20,6.0,12.0,16.0,20.0,29.0,inferred
South Cambridgeshire,2020-10-21,6.0,12.0,15.0,19.0,29.0,inferred
South Cambridgeshire,2020-10-22,6.0,11.0,15.0,18.0,27.0,inferred
South Cambridgeshire,2020-10-23,6.0,11.0,14.0,18.0,27.0,inferred
South Cambridgeshire,2020-10-24,6.0,11.0,14.0,18.0,27.0,inferred
South Cambridgeshire,2020-10-25,5.0,11.0,14.0,18.0,27.0,inferred
South Cambridgeshire,2020-10-26,5.0,11.0,14.0,18.0,27.0,inferred
South Cambridgeshire,2020-10-27,5.0,11.0,14.0,19.0,28.0,inferred
South Cambridgeshire,2020-10-28,5.0,11.0,14.0,18.0,29.0,inferred
South Cambridgeshire,2020-10-29,5.0,11.0,14.0,18.0,29.0,inferred
South Cambridgeshire,2020-10-30,5.0,11.0,14.0,19.0,29.0,inferred
South Gloucestershire,2020-08-01,0.0,0.0,1.0,2.0,6.0,inferred
South Gloucestershire,2020-08-02,0.0,0.0,1.0,2.0,6.0,inferred
South Gloucestershire,2020-08-03,0.0,0.0,1.0,2.0,6.0,inferred
South Gloucestershire,2020-08-04,0.0,0.0,1.0,2.0,6.0,inferred
South Gloucestershire,2020-08-05,0.0,0.0,1.0,2.0,6.0,inferred
South Gloucestershire,2020-08-06,0.0,0.0,1.0,3.0,6.0,inferred
South Gloucestershire,2020-08-07,0.0,0.0,1.0,3.0,7.0,inferred
South Gloucestershire,2020-08-08,0.0,0.0,1.0,3.0,7.0,inferred
South Gloucestershire,2020-08-09,0.0,0.0,1.0,3.0,7.0,inferred
South Gloucestershire,2020-08-10,0.0,0.0,1.0,3.0,7.0,inferred
South Gloucestershire,2020-08-11,0.0,0.0,1.0,3.0,7.0,inferred
South Gloucestershire,2020-08-12,0.0,0.0,1.0,3.0,7.0,inferred
South Gloucestershire,2020-08-13,0.0,0.0,1.0,3.0,7.0,inferred
South Gloucestershire,2020-08-14,0.0,0.0,1.0,3.0,7.0,inferred
South Gloucestershire,2020-08-15,0.0,0.0,1.0,3.0,7.0,inferred
South Gloucestershire,2020-08-16,0.0,1.0,2.0,3.0,8.0,inferred
South Gloucestershire,2020-08-17,0.0,1.0,2.0,3.0,8.0,inferred
South Gloucestershire,2020-08-18,0.0,1.0,2.0,4.0,9.0,inferred
South Gloucestershire,2020-08-19,0.0,1.0,3.0,4.0,9.0,inferred
South Gloucestershire,2020-08-20,0.0,1.0,3.0,5.0,10.0,inferred
South Gloucestershire,2020-08-21,0.0,2.0,3.0,5.0,10.0,inferred
South Gloucestershire,2020-08-22,0.0,2.0,3.0,5.0,11.0,inferred
South Gloucestershire,2020-08-23,0.0,2.0,4.0,6.0,11.0,inferred
South Gloucestershire,2020-08-24,0.0,2.0,3.0,6.0,10.0,inferred
South Gloucestershire,2020-08-25,0.0,2.0,3.0,6.0,11.0,inferred
South Gloucestershire,2020-08-26,0.0,2.0,3.0,5.0,11.0,inferred
South Gloucestershire,2020-08-27,0.0,2.0,3.0,5.0,10.0,inferred
South Gloucestershire,2020-08-28,0.0,2.0,3.0,5.0,11.0,inferred
South Gloucestershire,2020-08-29,0.0,2.0,3.0,6.0,11.0,inferred
South Gloucestershire,2020-08-30,0.0,2.0,3.0,6.0,11.0,inferred
South Gloucestershire,2020-08-31,0.0,2.0,4.0,6.0,11.0,inferred
South Gloucestershire,2020-09-01,0.0,2.0,4.0,6.0,12.0,inferred
South Gloucestershire,2020-09-02,0.0,2.0,4.0,6.0,12.0,inferred
South Gloucestershire,2020-09-03,0.0,3.0,5.0,7.0,13.0,inferred
South Gloucestershire,2020-09-04,0.0,3.0,5.0,7.0,14.0,inferred
South Gloucestershire,2020-09-05,1.0,3.0,5.0,8.0,14.0,inferred
South Gloucestershire,2020-09-06,1.0,3.0,5.0,8.0,14.0,inferred
South Gloucestershire,2020-09-07,1.0,3.0,5.0,8.0,14.0,inferred
South Gloucestershire,2020-09-08,1.0,3.0,5.0,8.0,14.0,inferred
South Gloucestershire,2020-09-09,1.0,3.0,6.0,8.0,15.0,inferred
South Gloucestershire,2020-09-10,1.0,4.0,6.0,8.0,15.0,inferred
South Gloucestershire,2020-09-11,1.0,4.0,6.0,8.0,15.0,inferred
South Gloucestershire,2020-09-12,1.0,4.0,6.0,9.0,15.0,inferred
South Gloucestershire,2020-09-13,1.0,4.0,6.0,9.0,15.0,inferred
South Gloucestershire,2020-09-14,1.0,4.0,6.0,9.0,15.0,inferred
South Gloucestershire,2020-09-15,1.0,4.0,6.0,9.0,15.0,inferred
South Gloucestershire,2020-09-16,1.0,4.0,6.0,9.0,15.0,inferred
South Gloucestershire,2020-09-17,1.0,4.0,6.0,9.0,15.0,inferred
South Gloucestershire,2020-09-18,1.0,4.0,6.0,9.0,16.0,inferred
South Gloucestershire,2020-09-19,1.0,4.0,7.0,10.0,16.0,inferred
South Gloucestershire,2020-09-20,2.0,5.0,8.0,10.0,18.0,inferred
South Gloucestershire,2020-09-21,2.0,6.0,8.0,11.0,19.0,inferred
South Gloucestershire,2020-09-22,2.0,7.0,9.0,13.0,20.0,inferred
South Gloucestershire,2020-09-23,3.0,7.0,10.0,14.0,22.0,inferred
South Gloucestershire,2020-09-24,4.0,8.0,12.0,15.0,23.0,inferred
South Gloucestershire,2020-09-25,5.0,10.0,13.0,17.0,25.0,inferred
South Gloucestershire,2020-09-26,5.0,11.0,14.0,18.0,27.0,inferred
South Gloucestershire,2020-09-27,6.0,12.0,16.0,20.0,30.0,inferred
South Gloucestershire,2020-09-28,7.0,13.0,17.0,22.0,31.0,inferred
South Gloucestershire,2020-09-29,8.0,14.0,19.0,23.0,33.0,inferred
South Gloucestershire,2020-09-30,9.0,15.0,20.0,24.0,34.0,inferred
South Gloucestershire,2020-10-01,10.0,17.0,21.0,26.0,36.0,inferred
South Gloucestershire,2020-10-02,11.0,18.0,23.0,28.0,38.0,inferred
South Gloucestershire,2020-10-03,12.0,19.0,24.0,29.0,40.0,inferred
South Gloucestershire,2020-10-04,13.0,21.0,26.0,31.0,43.0,inferred
South Gloucestershire,2020-10-05,14.0,23.0,28.0,33.0,45.0,inferred
South Gloucestershire,2020-10-06,15.0,24.0,30.0,36.0,49.0,inferred
South Gloucestershire,2020-10-07,17.0,26.0,32.0,38.0,51.0,inferred
South Gloucestershire,2020-10-08,19.0,28.0,34.0,41.0,54.0,inferred
South Gloucestershire,2020-10-09,21.0,30.0,36.0,43.0,57.0,inferred
South Gloucestershire,2020-10-10,22.0,32.0,38.0,45.0,59.0,inferred
South Gloucestershire,2020-10-11,24.0,34.0,40.0,47.0,61.0,inferred
South Gloucestershire,2020-10-12,25.0,36.0,43.0,50.0,66.0,inferred
South Gloucestershire,2020-10-13,27.0,38.0,45.0,53.0,69.0,inferred
South Gloucestershire,2020-10-14,29.0,41.0,49.0,56.0,74.0,inferred
South Gloucestershire,2020-10-15,32.0,44.0,52.0,61.0,79.0,inferred
South Gloucestershire,2020-10-16,35.0,48.0,55.0,63.0,82.0,inferred
South Gloucestershire,2020-10-17,38.0,51.0,59.0,66.0,83.0,inferred
South Gloucestershire,2020-10-18,43.0,56.0,63.0,71.0,88.0,inferred
South Gloucestershire,2020-10-19,47.0,60.0,68.0,76.0,94.0,inferred
South Gloucestershire,2020-10-20,49.0,65.0,74.0,83.0,103.0,inferred
South Gloucestershire,2020-10-21,54.0,70.0,79.0,89.0,109.0,inferred
South Gloucestershire,2020-10-22,57.0,74.0,84.0,94.0,114.0,inferred
South Gloucestershire,2020-10-23,59.0,77.0,87.0,98.0,119.0,inferred
South Gloucestershire,2020-10-24,63.0,81.0,92.0,103.0,125.0,inferred
South Gloucestershire,2020-10-25,69.0,87.0,98.0,110.0,132.0,inferred
South Gloucestershire,2020-10-26,75.0,94.0,106.0,117.0,138.0,inferred
South Gloucestershire,2020-10-27,81.0,101.0,113.0,124.0,147.0,inferred
South Gloucestershire,2020-10-28,87.0,108.0,120.0,132.0,156.0,inferred
South Gloucestershire,2020-10-29,95.0,115.0,127.0,139.0,165.0,inferred
South Gloucestershire,2020-10-30,101.0,122.0,134.0,146.0,172.0,inferred
South Northamptonshire,2020-08-01,0.0,0.0,0.0,0.0,3.0,inferred
South Northamptonshire,2020-08-02,0.0,0.0,0.0,0.0,3.0,inferred
South Northamptonshire,2020-08-03,0.0,0.0,0.0,1.0,3.0,inferred
South Northamptonshire,2020-08-04,0.0,0.0,0.0,1.0,3.0,inferred
South Northamptonshire,2020-08-05,0.0,0.0,0.0,1.0,3.0,inferred
South Northamptonshire,2020-08-06,0.0,0.0,0.0,1.0,3.0,inferred
South Northamptonshire,2020-08-07,0.0,0.0,0.0,1.0,3.0,inferred
South Northamptonshire,2020-08-08,0.0,0.0,0.0,1.0,3.0,inferred
South Northamptonshire,2020-08-09,0.0,0.0,0.0,1.0,4.0,inferred
South Northamptonshire,2020-08-10,0.0,0.0,0.0,1.0,4.0,inferred
South Northamptonshire,2020-08-11,0.0,0.0,0.0,1.0,4.0,inferred
South Northamptonshire,2020-08-12,0.0,0.0,0.0,1.0,4.0,inferred
South Northamptonshire,2020-08-13,0.0,0.0,0.0,1.0,4.0,inferred
South Northamptonshire,2020-08-14,0.0,0.0,0.0,1.0,4.0,inferred
South Northamptonshire,2020-08-15,0.0,0.0,0.0,1.0,4.0,inferred
South Northamptonshire,2020-08-16,0.0,0.0,0.0,1.0,4.0,inferred
South Northamptonshire,2020-08-17,0.0,0.0,0.0,1.0,4.0,inferred
South Northamptonshire,2020-08-18,0.0,0.0,0.0,1.0,4.0,inferred
South Northamptonshire,2020-08-19,0.0,0.0,0.0,1.0,4.0,inferred
South Northamptonshire,2020-08-20,0.0,0.0,0.0,1.0,5.0,inferred
South Northamptonshire,2020-08-21,0.0,0.0,0.0,1.0,5.0,inferred
South Northamptonshire,2020-08-22,0.0,0.0,1.0,2.0,5.0,inferred
South Northamptonshire,2020-08-23,0.0,0.0,1.0,2.0,5.0,inferred
South Northamptonshire,2020-08-24,0.0,0.0,1.0,2.0,6.0,inferred
South Northamptonshire,2020-08-25,0.0,0.0,1.0,2.0,6.0,inferred
South Northamptonshire,2020-08-26,0.0,0.0,1.0,2.0,5.0,inferred
South Northamptonshire,2020-08-27,0.0,0.0,1.0,2.0,6.0,inferred
South Northamptonshire,2020-08-28,0.0,0.0,1.0,2.0,6.0,inferred
South Northamptonshire,2020-08-29,0.0,0.0,1.0,2.0,6.0,inferred
South Northamptonshire,2020-08-30,0.0,0.0,1.0,2.0,6.0,inferred
South Northamptonshire,2020-08-31,0.0,0.0,1.0,2.0,6.0,inferred
South Northamptonshire,2020-09-01,0.0,0.0,1.0,2.0,6.0,inferred
South Northamptonshire,2020-09-02,0.0,0.0,1.0,2.0,6.0,inferred
South Northamptonshire,2020-09-03,0.0,0.0,1.0,3.0,7.0,inferred
South Northamptonshire,2020-09-04,0.0,0.0,1.0,3.0,7.0,inferred
South Northamptonshire,2020-09-05,0.0,0.0,1.0,3.0,7.0,inferred
South Northamptonshire,2020-09-06,0.0,0.0,1.0,3.0,7.0,inferred
South Northamptonshire,2020-09-07,0.0,0.0,1.0,3.0,7.0,inferred
South Northamptonshire,2020-09-08,0.0,0.0,1.0,3.0,7.0,inferred
South Northamptonshire,2020-09-09,0.0,0.0,1.0,3.0,7.0,inferred
South Northamptonshire,2020-09-10,0.0,0.0,1.0,3.0,6.0,inferred
South Northamptonshire,2020-09-11,0.0,0.0,1.0,3.0,7.0,inferred
South Northamptonshire,2020-09-12,0.0,0.0,1.0,3.0,6.0,inferred
South Northamptonshire,2020-09-13,0.0,0.0,1.0,3.0,6.0,inferred
South Northamptonshire,2020-09-14,0.0,0.0,1.0,2.0,7.0,inferred
South Northamptonshire,2020-09-15,0.0,0.0,1.0,3.0,7.0,inferred
South Northamptonshire,2020-09-16,0.0,0.0,1.0,3.0,7.0,inferred
South Northamptonshire,2020-09-17,0.0,0.0,1.0,3.0,7.0,inferred
South Northamptonshire,2020-09-18,0.0,0.0,1.0,3.0,7.0,inferred
South Northamptonshire,2020-09-19,0.0,1.0,2.0,4.0,8.0,inferred
South Northamptonshire,2020-09-20,0.0,1.0,2.0,4.0,9.0,inferred
South Northamptonshire,2020-09-21,0.0,1.0,2.0,4.0,9.0,inferred
South Northamptonshire,2020-09-22,0.0,1.0,2.0,4.0,9.0,inferred
South Northamptonshire,2020-09-23,0.0,1.0,2.0,4.0,9.0,inferred
South Northamptonshire,2020-09-24,0.0,1.0,3.0,4.0,9.0,inferred
South Northamptonshire,2020-09-25,0.0,1.0,3.0,5.0,10.0,inferred
South Northamptonshire,2020-09-26,0.0,1.0,3.0,5.0,10.0,inferred
South Northamptonshire,2020-09-27,0.0,2.0,3.0,5.0,10.0,inferred
South Northamptonshire,2020-09-28,0.0,2.0,4.0,6.0,11.0,inferred
South Northamptonshire,2020-09-29,0.0,2.0,4.0,6.0,12.0,inferred
South Northamptonshire,2020-09-30,0.0,3.0,5.0,7.0,13.0,inferred
South Northamptonshire,2020-10-01,1.0,3.0,5.0,8.0,14.0,inferred
South Northamptonshire,2020-10-02,1.0,4.0,6.0,9.0,15.0,inferred
South Northamptonshire,2020-10-03,1.0,5.0,7.0,10.0,17.0,inferred
South Northamptonshire,2020-10-04,2.0,6.0,8.0,11.0,19.0,inferred
South Northamptonshire,2020-10-05,2.0,6.0,9.0,13.0,21.0,inferred
South Northamptonshire,2020-10-06,3.0,8.0,11.0,14.0,23.0,inferred
South Northamptonshire,2020-10-07,3.0,8.0,11.0,15.0,24.0,inferred
South Northamptonshire,2020-10-08,4.0,8.0,12.0,16.0,24.0,inferred
South Northamptonshire,2020-10-09,4.0,9.0,12.0,16.0,25.0,inferred
South Northamptonshire,2020-10-10,4.0,9.0,12.0,17.0,25.0,inferred
South Northamptonshire,2020-10-11,5.0,9.0,13.0,17.0,26.0,inferred
South Northamptonshire,2020-10-12,4.0,9.0,13.0,17.0,26.0,inferred
South Northamptonshire,2020-10-13,5.0,10.0,13.0,17.0,26.0,inferred
South Northamptonshire,2020-10-14,4.0,10.0,13.0,17.0,26.0,inferred
South Northamptonshire,2020-10-15,5.0,10.0,14.0,17.0,26.0,inferred
South Northamptonshire,2020-10-16,5.0,11.0,14.0,18.0,27.0,inferred
South Northamptonshire,2020-10-17,5.0,11.0,14.0,18.0,28.0,inferred
South Northamptonshire,2020-10-18,6.0,12.0,15.0,19.2,28.0,inferred
South Northamptonshire,2020-10-19,7.0,12.0,16.0,20.0,30.0,inferred
South Northamptonshire,2020-10-20,7.0,13.0,17.0,21.0,30.0,inferred
South Northamptonshire,2020-10-21,7.0,13.0,17.0,21.0,31.0,inferred
South Northamptonshire,2020-10-22,7.0,13.0,16.5,21.0,31.0,inferred
South Northamptonshire,2020-10-23,7.0,13.0,16.0,21.0,30.0,inferred
South Northamptonshire,2020-10-24,6.0,12.0,16.0,20.0,30.0,inferred
South Northamptonshire,2020-10-25,7.0,12.0,16.0,20.0,30.0,inferred
South Northamptonshire,2020-10-26,6.0,12.0,16.0,20.0,30.0,inferred
South Northamptonshire,2020-10-27,7.0,12.0,16.0,21.0,30.0,inferred
South Northamptonshire,2020-10-28,7.0,12.0,16.0,21.0,31.0,inferred
South Northamptonshire,2020-10-29,6.0,13.0,17.0,22.0,32.0,inferred
South Northamptonshire,2020-10-30,6.0,13.0,18.0,23.0,33.0,inferred
South Oxfordshire,2020-08-01,0.0,0.0,0.0,1.0,5.0,inferred
South Oxfordshire,2020-08-02,0.0,0.0,1.0,2.0,5.0,inferred
South Oxfordshire,2020-08-03,0.0,0.0,0.0,1.0,5.0,inferred
South Oxfordshire,2020-08-04,0.0,0.0,0.0,1.0,4.0,inferred
South Oxfordshire,2020-08-05,0.0,0.0,0.0,1.0,4.0,inferred
South Oxfordshire,2020-08-06,0.0,0.0,0.0,1.0,4.0,inferred
South Oxfordshire,2020-08-07,0.0,0.0,0.0,1.0,4.0,inferred
South Oxfordshire,2020-08-08,0.0,0.0,0.0,1.0,5.0,inferred
South Oxfordshire,2020-08-09,0.0,0.0,0.0,1.0,5.0,inferred
South Oxfordshire,2020-08-10,0.0,0.0,1.0,2.0,5.0,inferred
South Oxfordshire,2020-08-11,0.0,0.0,1.0,2.0,6.0,inferred
South Oxfordshire,2020-08-12,0.0,0.0,1.0,2.0,6.0,inferred
South Oxfordshire,2020-08-13,0.0,0.0,1.0,2.0,6.0,inferred
South Oxfordshire,2020-08-14,0.0,0.0,1.0,2.0,6.0,inferred
South Oxfordshire,2020-08-15,0.0,0.0,1.0,2.0,6.0,inferred
South Oxfordshire,2020-08-16,0.0,0.0,1.0,2.0,6.0,inferred
South Oxfordshire,2020-08-17,0.0,0.0,1.0,2.0,6.0,inferred
South Oxfordshire,2020-08-18,0.0,0.0,1.0,3.0,7.0,inferred
South Oxfordshire,2020-08-19,0.0,0.0,1.0,3.0,7.0,inferred
South Oxfordshire,2020-08-20,0.0,0.0,1.0,3.0,7.0,inferred
South Oxfordshire,2020-08-21,0.0,0.0,1.0,3.0,7.0,inferred
South Oxfordshire,2020-08-22,0.0,0.0,1.0,3.0,6.0,inferred
South Oxfordshire,2020-08-23,0.0,0.0,1.0,2.0,6.0,inferred
South Oxfordshire,2020-08-24,0.0,0.0,1.0,2.0,6.0,inferred
South Oxfordshire,2020-08-25,0.0,0.0,1.0,2.0,6.0,inferred
South Oxfordshire,2020-08-26,0.0,0.0,1.0,2.0,6.0,inferred
South Oxfordshire,2020-08-27,0.0,0.0,1.0,3.0,6.0,inferred
South Oxfordshire,2020-08-28,0.0,0.0,1.0,3.0,6.0,inferred
South Oxfordshire,2020-08-29,0.0,0.0,1.0,3.0,7.0,inferred
South Oxfordshire,2020-08-30,0.0,0.0,1.0,3.0,7.0,inferred
South Oxfordshire,2020-08-31,0.0,0.0,1.0,3.0,7.0,inferred
South Oxfordshire,2020-09-01,0.0,0.0,1.0,3.0,7.0,inferred
South Oxfordshire,2020-09-02,0.0,0.0,1.0,3.0,7.0,inferred
South Oxfordshire,2020-09-03,0.0,1.0,2.0,3.0,7.0,inferred
South Oxfordshire,2020-09-04,0.0,1.0,2.0,3.0,8.0,inferred
South Oxfordshire,2020-09-05,0.0,1.0,2.0,3.0,7.0,inferred
South Oxfordshire,2020-09-06,0.0,1.0,2.0,3.0,7.0,inferred
South Oxfordshire,2020-09-07,0.0,0.0,1.0,3.0,7.0,inferred
South Oxfordshire,2020-09-08,0.0,0.0,1.0,3.0,7.0,inferred
South Oxfordshire,2020-09-09,0.0,0.0,1.0,3.0,7.0,inferred
South Oxfordshire,2020-09-10,0.0,0.0,1.0,3.0,7.0,inferred
South Oxfordshire,2020-09-11,0.0,0.0,1.0,3.0,7.0,inferred
South Oxfordshire,2020-09-12,0.0,0.0,1.0,3.0,7.0,inferred
South Oxfordshire,2020-09-13,0.0,0.0,1.0,3.0,7.0,inferred
South Oxfordshire,2020-09-14,0.0,0.0,1.0,3.0,7.0,inferred
South Oxfordshire,2020-09-15,0.0,1.0,2.0,3.0,7.0,inferred
South Oxfordshire,2020-09-16,0.0,1.0,2.0,3.0,8.0,inferred
South Oxfordshire,2020-09-17,0.0,1.0,2.0,3.0,8.0,inferred
South Oxfordshire,2020-09-18,0.0,1.0,2.0,3.0,8.0,inferred
South Oxfordshire,2020-09-19,0.0,1.0,2.0,3.0,8.0,inferred
South Oxfordshire,2020-09-20,0.0,1.0,2.0,4.0,9.0,inferred
South Oxfordshire,2020-09-21,0.0,1.0,2.0,4.0,8.0,inferred
South Oxfordshire,2020-09-22,0.0,1.0,2.0,4.0,10.0,inferred
South Oxfordshire,2020-09-23,0.0,1.0,3.0,5.0,10.0,inferred
South Oxfordshire,2020-09-24,0.0,2.0,3.0,5.0,10.0,inferred
South Oxfordshire,2020-09-25,0.0,2.0,4.0,6.0,11.0,inferred
South Oxfordshire,2020-09-26,0.0,2.0,4.0,6.0,12.0,inferred
South Oxfordshire,2020-09-27,0.0,3.0,5.0,7.0,13.0,inferred
South Oxfordshire,2020-09-28,1.0,3.0,6.0,8.0,14.0,inferred
South Oxfordshire,2020-09-29,1.0,4.0,7.0,9.0,16.0,inferred
South Oxfordshire,2020-09-30,2.0,5.0,7.0,10.0,17.0,inferred
South Oxfordshire,2020-10-01,2.0,6.0,9.0,12.0,19.0,inferred
South Oxfordshire,2020-10-02,3.0,7.0,10.0,13.0,21.0,inferred
South Oxfordshire,2020-10-03,3.0,7.0,10.0,14.0,22.0,inferred
South Oxfordshire,2020-10-04,3.0,8.0,11.0,15.0,23.0,inferred
South Oxfordshire,2020-10-05,4.0,8.0,12.0,15.0,24.0,inferred
South Oxfordshire,2020-10-06,4.0,9.0,12.0,16.0,25.0,inferred
South Oxfordshire,2020-10-07,4.0,9.0,12.0,16.0,25.0,inferred
South Oxfordshire,2020-10-08,4.0,9.0,12.0,16.0,26.0,inferred
South Oxfordshire,2020-10-09,4.0,9.0,12.0,16.0,27.0,inferred
South Oxfordshire,2020-10-10,4.0,9.0,13.0,17.0,26.0,inferred
South Oxfordshire,2020-10-11,5.0,10.0,13.0,18.0,28.0,inferred
South Oxfordshire,2020-10-12,5.0,10.0,14.0,19.0,29.0,inferred
South Oxfordshire,2020-10-13,6.0,11.0,15.0,19.0,30.0,inferred
South Oxfordshire,2020-10-14,6.0,12.0,15.0,20.0,30.0,inferred
South Oxfordshire,2020-10-15,6.0,12.0,16.0,20.0,31.0,inferred
South Oxfordshire,2020-10-16,6.0,12.0,16.0,20.0,30.0,inferred
South Oxfordshire,2020-10-17,7.0,13.0,16.0,20.0,30.0,inferred
South Oxfordshire,2020-10-18,7.0,13.0,17.0,21.0,30.0,inferred
South Oxfordshire,2020-10-19,8.0,13.0,17.0,22.0,31.0,inferred
South Oxfordshire,2020-10-20,8.0,14.0,18.0,23.0,32.0,inferred
South Oxfordshire,2020-10-21,8.0,15.0,19.0,24.0,35.0,inferred
South Oxfordshire,2020-10-22,9.0,16.0,20.0,25.0,36.0,inferred
South Oxfordshire,2020-10-23,9.0,16.0,20.0,25.0,35.0,inferred
South Oxfordshire,2020-10-24,9.0,16.0,20.0,25.0,36.0,inferred
South Oxfordshire,2020-10-25,9.0,16.0,21.0,26.0,37.0,inferred
South Oxfordshire,2020-10-26,9.0,16.0,21.0,25.0,36.0,inferred
South Oxfordshire,2020-10-27,8.0,16.0,20.0,26.0,37.0,inferred
South Oxfordshire,2020-10-28,8.0,16.0,21.0,26.0,37.0,inferred
South Oxfordshire,2020-10-29,9.0,16.0,21.0,27.0,39.0,inferred
South Oxfordshire,2020-10-30,9.0,16.0,21.0,27.0,40.0,inferred
Southampton,2020-08-01,0.0,0.0,0.0,1.0,4.0,inferred
Southampton,2020-08-02,0.0,0.0,1.0,2.0,5.0,inferred
Southampton,2020-08-03,0.0,0.0,1.0,2.0,7.0,inferred
Southampton,2020-08-04,0.0,0.0,1.0,3.0,6.0,inferred
Southampton,2020-08-05,0.0,0.0,1.0,2.0,6.0,inferred
Southampton,2020-08-06,0.0,0.0,1.0,2.0,6.0,inferred
Southampton,2020-08-07,0.0,0.0,1.0,2.0,6.0,inferred
Southampton,2020-08-08,0.0,0.0,1.0,2.0,6.0,inferred
Southampton,2020-08-09,0.0,0.0,1.0,2.0,6.0,inferred
Southampton,2020-08-10,0.0,0.0,1.0,2.0,6.0,inferred
Southampton,2020-08-11,0.0,0.0,1.0,3.0,6.0,inferred
Southampton,2020-08-12,0.0,0.0,1.0,3.0,7.0,inferred
Southampton,2020-08-13,0.0,0.0,1.0,3.0,7.0,inferred
Southampton,2020-08-14,0.0,0.0,1.0,3.0,7.0,inferred
Southampton,2020-08-15,0.0,0.0,1.0,3.0,7.0,inferred
Southampton,2020-08-16,0.0,0.0,1.0,3.0,7.0,inferred
Southampton,2020-08-17,0.0,0.0,1.0,3.0,7.0,inferred
Southampton,2020-08-18,0.0,0.0,1.0,3.0,7.0,inferred
Southampton,2020-08-19,0.0,0.0,1.0,3.0,6.0,inferred
Southampton,2020-08-20,0.0,0.0,1.0,3.0,7.0,inferred
Southampton,2020-08-21,0.0,1.0,2.0,3.0,8.0,inferred
Southampton,2020-08-22,0.0,1.0,2.0,4.0,8.0,inferred
Southampton,2020-08-23,0.0,1.0,2.0,4.0,9.0,inferred
Southampton,2020-08-24,0.0,1.0,2.0,4.0,9.0,inferred
Southampton,2020-08-25,0.0,1.0,2.0,4.0,9.0,inferred
Southampton,2020-08-26,0.0,1.0,3.0,4.0,9.0,inferred
Southampton,2020-08-27,0.0,1.0,2.0,4.0,9.0,inferred
Southampton,2020-08-28,0.0,1.0,2.0,4.0,9.0,inferred
Southampton,2020-08-29,0.0,1.0,2.0,3.0,8.0,inferred
Southampton,2020-08-30,0.0,1.0,2.0,3.0,8.0,inferred
Southampton,2020-08-31,0.0,1.0,2.0,3.0,8.0,inferred
Southampton,2020-09-01,0.0,1.0,2.0,4.0,9.0,inferred
Southampton,2020-09-02,0.0,1.0,2.0,4.0,8.0,inferred
Southampton,2020-09-03,0.0,1.0,2.0,4.0,9.0,inferred
Southampton,2020-09-04,0.0,1.0,3.0,4.0,9.0,inferred
Southampton,2020-09-05,0.0,1.0,3.0,4.0,10.0,inferred
Southampton,2020-09-06,0.0,1.0,3.0,5.0,9.0,inferred
Southampton,2020-09-07,0.0,1.0,3.0,4.0,9.0,inferred
Southampton,2020-09-08,0.0,1.0,3.0,5.0,10.0,inferred
Southampton,2020-09-09,0.0,2.0,3.0,5.0,10.0,inferred
Southampton,2020-09-10,0.0,2.0,3.0,5.0,11.0,inferred
Southampton,2020-09-11,0.0,2.0,4.0,6.0,11.0,inferred
Southampton,2020-09-12,0.0,2.0,3.0,6.0,11.0,inferred
Southampton,2020-09-13,0.0,2.0,4.0,6.0,11.0,inferred
Southampton,2020-09-14,0.0,2.0,4.0,6.0,12.0,inferred
Southampton,2020-09-15,0.0,2.0,4.0,6.0,12.0,inferred
Southampton,2020-09-16,0.0,3.0,4.0,7.0,13.0,inferred
Southampton,2020-09-17,1.0,3.0,5.0,7.0,13.0,inferred
Southampton,2020-09-18,1.0,3.0,5.0,8.0,14.0,inferred
Southampton,2020-09-19,1.0,4.0,6.0,8.0,15.0,inferred
Southampton,2020-09-20,1.0,4.0,6.0,9.0,15.0,inferred
Southampton,2020-09-21,1.0,4.0,7.0,9.0,16.0,inferred
Southampton,2020-09-22,1.0,4.0,7.0,10.0,17.0,inferred
Southampton,2020-09-23,1.0,5.0,7.0,10.0,18.0,inferred
Southampton,2020-09-24,1.0,5.0,8.0,10.0,17.0,inferred
Southampton,2020-09-25,2.0,5.0,8.0,11.0,18.0,inferred
Southampton,2020-09-26,2.0,6.0,9.0,12.0,19.0,inferred
Southampton,2020-09-27,3.0,7.0,10.0,13.0,21.0,inferred
Southampton,2020-09-28,3.0,8.0,11.0,14.0,21.0,inferred
Southampton,2020-09-29,4.0,9.0,12.0,15.0,23.0,inferred
Southampton,2020-09-30,4.0,9.0,13.0,16.0,25.0,inferred
Southampton,2020-10-01,5.0,10.0,14.0,17.0,26.0,inferred
Southampton,2020-10-02,6.0,11.0,14.0,18.0,27.0,inferred
Southampton,2020-10-03,6.0,12.0,15.0,19.0,29.0,inferred
Southampton,2020-10-04,7.0,12.0,16.0,21.0,29.0,inferred
Southampton,2020-10-05,7.0,14.0,18.0,22.0,32.0,inferred
Southampton,2020-10-06,8.0,15.0,19.0,24.0,34.0,inferred
Southampton,2020-10-07,9.0,16.0,20.0,25.0,35.0,inferred
Southampton,2020-10-08,9.0,17.0,21.0,26.0,37.0,inferred
Southampton,2020-10-09,10.0,17.0,22.0,26.0,38.0,inferred
Southampton,2020-10-10,11.0,18.0,22.0,28.0,38.0,inferred
Southampton,2020-10-11,12.0,19.0,23.0,28.0,39.0,inferred
Southampton,2020-10-12,12.0,19.0,24.0,29.0,40.0,inferred
Southampton,2020-10-13,12.0,20.0,25.0,30.0,42.0,inferred
Southampton,2020-10-14,13.0,21.0,26.0,32.0,45.0,inferred
Southampton,2020-10-15,14.0,23.0,28.0,34.0,46.0,inferred
Southampton,2020-10-16,17.0,25.0,31.0,36.0,48.0,inferred
Southampton,2020-10-17,18.0,27.0,32.0,38.0,50.0,inferred
Southampton,2020-10-18,20.0,29.0,35.0,41.0,53.0,inferred
Southampton,2020-10-19,22.0,32.0,38.0,44.0,58.0,inferred
Southampton,2020-10-20,25.0,35.0,41.0,48.0,62.0,inferred
Southampton,2020-10-21,27.0,37.0,44.0,51.0,65.0,inferred
Southampton,2020-10-22,29.0,41.0,47.0,54.0,69.0,inferred
Southampton,2020-10-23,32.0,43.0,50.0,57.0,72.0,inferred
Southampton,2020-10-24,34.0,46.0,52.0,60.0,75.0,inferred
Southampton,2020-10-25,36.0,49.0,56.0,63.0,78.0,inferred
Southampton,2020-10-26,38.0,51.0,59.0,67.0,83.0,inferred
Southampton,2020-10-27,41.0,54.0,63.0,71.0,90.0,inferred
Southampton,2020-10-28,43.0,57.0,66.0,75.0,93.0,inferred
Southampton,2020-10-29,45.0,61.0,70.0,79.0,100.0,inferred
Southampton,2020-10-30,48.0,64.0,74.0,86.0,110.0,inferred
Southwark,2020-08-01,0.0,0.0,1.0,3.0,7.0,inferred
Southwark,2020-08-02,0.0,0.0,1.0,3.0,6.0,inferred
Southwark,2020-08-03,0.0,0.0,2.0,3.0,7.0,inferred
Southwark,2020-08-04,0.0,1.0,2.0,3.0,8.0,inferred
Southwark,2020-08-05,0.0,1.0,2.0,4.0,8.0,inferred
Southwark,2020-08-06,0.0,1.0,3.0,4.0,9.0,inferred
Southwark,2020-08-07,0.0,2.0,3.0,5.0,10.0,inferred
Southwark,2020-08-08,0.0,2.0,4.0,6.0,11.0,inferred
Southwark,2020-08-09,0.0,2.0,4.0,6.0,11.0,inferred
Southwark,2020-08-10,0.0,2.0,4.0,6.0,12.0,inferred
Southwark,2020-08-11,0.0,2.0,4.0,6.0,12.0,inferred
Southwark,2020-08-12,0.0,2.0,4.0,6.0,12.0,inferred
Southwark,2020-08-13,0.0,3.0,4.0,7.0,12.0,inferred
Southwark,2020-08-14,1.0,3.0,5.0,8.0,13.0,inferred
Southwark,2020-08-15,1.0,4.0,6.0,8.0,15.0,inferred
Southwark,2020-08-16,1.0,4.0,6.0,9.0,16.0,inferred
Southwark,2020-08-17,1.0,5.0,7.0,10.0,18.0,inferred
Southwark,2020-08-18,2.0,5.0,7.0,10.0,18.0,inferred
Southwark,2020-08-19,2.0,5.0,8.0,11.0,18.0,inferred
Southwark,2020-08-20,1.0,5.0,7.0,10.0,18.0,inferred
Southwark,2020-08-21,2.0,5.0,8.0,10.0,17.0,inferred
Southwark,2020-08-22,1.0,5.0,7.0,10.0,17.0,inferred
Southwark,2020-08-23,1.0,4.0,7.0,10.0,16.0,inferred
Southwark,2020-08-24,1.0,4.0,7.0,9.0,16.0,inferred
Southwark,2020-08-25,1.0,4.0,6.0,9.0,16.0,inferred
Southwark,2020-08-26,1.0,4.0,6.0,9.0,15.0,inferred
Southwark,2020-08-27,1.0,4.0,6.0,9.0,16.0,inferred
Southwark,2020-08-28,1.0,4.0,6.0,9.0,16.0,inferred
Southwark,2020-08-29,1.0,4.0,7.0,9.0,16.0,inferred
Southwark,2020-08-30,1.0,5.0,7.0,10.0,17.0,inferred
Southwark,2020-08-31,2.0,5.0,8.0,11.0,18.0,inferred
Southwark,2020-09-01,2.0,6.0,8.0,12.0,19.0,inferred
Southwark,2020-09-02,3.0,6.0,9.0,12.0,21.0,inferred
Southwark,2020-09-03,3.0,6.0,9.0,13.0,21.0,inferred
Southwark,2020-09-04,3.0,7.0,10.0,13.0,21.0,inferred
Southwark,2020-09-05,3.0,7.0,10.0,13.0,21.0,inferred
Southwark,2020-09-06,3.0,7.0,10.0,13.0,21.0,inferred
Southwark,2020-09-07,3.0,8.0,11.0,14.0,22.0,inferred
Southwark,2020-09-08,3.0,8.0,11.0,14.0,22.0,inferred
Southwark,2020-09-09,3.0,7.0,10.0,14.0,22.0,inferred
Southwark,2020-09-10,3.0,7.0,10.0,14.0,22.0,inferred
Southwark,2020-09-11,3.0,7.0,9.0,13.0,21.0,inferred
Southwark,2020-09-12,2.0,6.0,9.0,13.0,21.0,inferred
Southwark,2020-09-13,2.0,7.0,10.0,13.0,21.0,inferred
Southwark,2020-09-14,3.0,7.0,10.0,13.0,21.0,inferred
Southwark,2020-09-15,3.0,7.0,11.0,14.0,22.0,inferred
Southwark,2020-09-16,4.0,8.0,11.0,15.0,23.0,inferred
Southwark,2020-09-17,4.0,9.0,12.0,16.0,25.0,inferred
Southwark,2020-09-18,5.0,10.0,14.0,18.0,26.0,inferred
Southwark,2020-09-19,5.0,11.0,15.0,19.0,28.0,inferred
Southwark,2020-09-20,6.0,12.0,16.0,20.0,30.0,inferred
Southwark,2020-09-21,7.0,13.0,17.0,21.0,31.0,inferred
Southwark,2020-09-22,8.0,14.0,18.0,23.0,33.0,inferred
Southwark,2020-09-23,8.0,15.0,20.0,24.0,35.0,inferred
Southwark,2020-09-24,9.0,16.0,21.0,26.0,36.0,inferred
Southwark,2020-09-25,10.0,18.0,22.0,27.0,38.0,inferred
Southwark,2020-09-26,11.0,18.0,23.0,28.0,39.0,inferred
Southwark,2020-09-27,12.0,19.0,24.0,30.0,40.0,inferred
Southwark,2020-09-28,12.0,20.0,25.0,30.0,41.0,inferred
Southwark,2020-09-29,13.0,21.0,26.0,31.0,43.0,inferred
Southwark,2020-09-30,14.0,22.0,27.0,33.0,44.0,inferred
Southwark,2020-10-01,14.0,23.0,28.0,33.0,45.0,inferred
Southwark,2020-10-02,15.0,23.0,28.0,34.0,47.0,inferred
Southwark,2020-10-03,15.0,24.0,29.0,34.0,47.0,inferred
Southwark,2020-10-04,17.0,25.0,30.0,36.0,49.0,inferred
Southwark,2020-10-05,17.0,26.0,32.0,38.0,51.0,inferred
Southwark,2020-10-06,18.0,28.0,34.0,40.0,54.0,inferred
Southwark,2020-10-07,18.0,29.0,35.0,42.0,56.0,inferred
Southwark,2020-10-08,19.0,29.0,36.0,43.0,57.0,inferred
Southwark,2020-10-09,20.0,30.0,36.0,43.0,58.0,inferred
Southwark,2020-10-10,20.0,31.0,37.0,44.0,58.0,inferred
Southwark,2020-10-11,20.0,31.0,37.0,44.0,58.0,inferred
Southwark,2020-10-12,23.0,33.0,39.0,46.0,59.0,inferred
Southwark,2020-10-13,24.0,34.0,41.0,48.0,61.0,inferred
Southwark,2020-10-14,26.0,37.0,43.0,50.0,64.0,inferred
Southwark,2020-10-15,27.0,39.0,45.0,53.0,68.0,inferred
Southwark,2020-10-16,28.0,41.0,47.0,55.0,70.0,inferred
Southwark,2020-10-17,30.0,43.0,50.0,58.0,73.0,inferred
Southwark,2020-10-18,33.0,46.0,53.0,60.0,75.0,inferred
Southwark,2020-10-19,35.0,49.0,56.0,63.0,80.0,inferred
Southwark,2020-10-20,37.0,49.0,57.0,65.0,81.0,inferred
Southwark,2020-10-21,37.0,50.0,58.0,67.0,84.0,inferred
Southwark,2020-10-22,35.0,49.0,58.0,67.0,85.0,inferred
Southwark,2020-10-23,35.0,49.0,58.0,67.0,85.0,inferred
Southwark,2020-10-24,34.0,48.0,57.0,66.0,87.0,inferred
Southwark,2020-10-25,35.0,48.0,56.0,66.0,85.0,inferred
Southwark,2020-10-26,35.0,48.0,57.0,66.0,88.0,inferred
Southwark,2020-10-27,36.0,49.0,59.0,68.0,90.0,inferred
Southwark,2020-10-28,36.0,50.0,59.0,70.0,93.0,inferred
Southwark,2020-10-29,37.0,51.0,60.0,71.0,95.0,inferred
Southwark,2020-10-30,37.0,52.0,62.0,72.0,100.0,inferred
Spelthorne,2020-08-01,0.0,0.0,0.0,0.0,2.0,inferred
Spelthorne,2020-08-02,0.0,0.0,0.0,0.0,3.0,inferred
Spelthorne,2020-08-03,0.0,0.0,0.0,0.0,3.0,inferred
Spelthorne,2020-08-04,0.0,0.0,0.0,1.0,3.0,inferred
Spelthorne,2020-08-05,0.0,0.0,0.0,1.0,4.0,inferred
Spelthorne,2020-08-06,0.0,0.0,0.0,1.0,3.0,inferred
Spelthorne,2020-08-07,0.0,0.0,0.0,1.0,4.0,inferred
Spelthorne,2020-08-08,0.0,0.0,0.0,1.0,4.0,inferred
Spelthorne,2020-08-09,0.0,0.0,0.0,1.0,5.0,inferred
Spelthorne,2020-08-10,0.0,0.0,0.0,1.0,5.0,inferred
Spelthorne,2020-08-11,0.0,0.0,0.0,2.0,4.0,inferred
Spelthorne,2020-08-12,0.0,0.0,1.0,2.0,5.0,inferred
Spelthorne,2020-08-13,0.0,0.0,1.0,2.0,5.0,inferred
Spelthorne,2020-08-14,0.0,0.0,1.0,2.0,5.0,inferred
Spelthorne,2020-08-15,0.0,0.0,1.0,2.0,6.0,inferred
Spelthorne,2020-08-16,0.0,0.0,1.0,2.0,5.0,inferred
Spelthorne,2020-08-17,0.0,0.0,1.0,2.0,6.0,inferred
Spelthorne,2020-08-18,0.0,0.0,1.0,2.0,6.0,inferred
Spelthorne,2020-08-19,0.0,0.0,1.0,2.0,6.0,inferred
Spelthorne,2020-08-20,0.0,0.0,1.0,2.0,6.0,inferred
Spelthorne,2020-08-21,0.0,0.0,1.0,2.0,6.0,inferred
Spelthorne,2020-08-22,0.0,0.0,1.0,3.0,6.0,inferred
Spelthorne,2020-08-23,0.0,0.0,1.0,3.0,7.0,inferred
Spelthorne,2020-08-24,0.0,1.0,2.0,3.0,8.0,inferred
Spelthorne,2020-08-25,0.0,1.0,2.0,4.0,8.0,inferred
Spelthorne,2020-08-26,0.0,1.0,2.0,4.0,9.0,inferred
Spelthorne,2020-08-27,0.0,1.0,2.0,4.0,9.0,inferred
Spelthorne,2020-08-28,0.0,1.0,3.0,4.0,9.0,inferred
Spelthorne,2020-08-29,0.0,1.0,3.0,5.0,10.0,inferred
Spelthorne,2020-08-30,0.0,1.0,3.0,5.0,11.0,inferred
Spelthorne,2020-08-31,0.0,2.0,3.0,5.0,11.0,inferred
Spelthorne,2020-09-01,0.0,2.0,3.0,5.0,11.0,inferred
Spelthorne,2020-09-02,0.0,2.0,3.0,5.0,11.0,inferred
Spelthorne,2020-09-03,0.0,2.0,3.5,6.0,12.0,inferred
Spelthorne,2020-09-04,0.0,2.0,4.0,6.0,12.0,inferred
Spelthorne,2020-09-05,0.0,2.0,4.0,6.0,12.0,inferred
Spelthorne,2020-09-06,0.0,2.0,4.0,7.0,12.0,inferred
Spelthorne,2020-09-07,0.0,2.0,4.0,7.0,12.0,inferred
Spelthorne,2020-09-08,0.0,3.0,5.0,7.0,13.0,inferred
Spelthorne,2020-09-09,0.0,2.0,4.0,7.0,13.0,inferred
Spelthorne,2020-09-10,0.0,2.0,4.0,6.0,12.0,inferred
Spelthorne,2020-09-11,0.0,2.0,4.0,6.0,12.0,inferred
Spelthorne,2020-09-12,0.0,2.0,3.0,5.0,11.0,inferred
Spelthorne,2020-09-13,0.0,2.0,3.0,5.0,11.0,inferred
Spelthorne,2020-09-14,0.0,2.0,3.0,5.0,11.0,inferred
Spelthorne,2020-09-15,0.0,2.0,3.0,5.0,11.0,inferred
Spelthorne,2020-09-16,0.0,2.0,3.0,5.0,11.0,inferred
Spelthorne,2020-09-17,0.0,2.0,3.0,6.0,11.0,inferred
Spelthorne,2020-09-18,0.0,2.0,4.0,6.0,11.0,inferred
Spelthorne,2020-09-19,0.0,2.0,4.0,6.0,11.0,inferred
Spelthorne,2020-09-20,0.0,2.0,4.0,6.0,11.0,inferred
Spelthorne,2020-09-21,0.0,2.0,4.0,6.0,12.0,inferred
Spelthorne,2020-09-22,0.0,3.0,4.0,7.0,12.0,inferred
Spelthorne,2020-09-23,0.0,3.0,5.0,7.0,13.0,inferred
Spelthorne,2020-09-24,1.0,3.0,5.0,8.0,14.0,inferred
Spelthorne,2020-09-25,1.0,3.0,5.0,8.0,15.0,inferred
Spelthorne,2020-09-26,1.0,4.0,6.0,8.0,15.0,inferred
Spelthorne,2020-09-27,1.0,4.0,6.0,9.0,16.0,inferred
Spelthorne,2020-09-28,1.0,4.0,6.0,9.0,15.0,inferred
Spelthorne,2020-09-29,1.0,4.8,7.0,10.0,17.0,inferred
Spelthorne,2020-09-30,2.0,5.0,8.0,11.0,17.0,inferred
Spelthorne,2020-10-01,2.0,5.0,8.0,11.0,18.0,inferred
Spelthorne,2020-10-02,2.0,6.0,9.0,12.0,19.0,inferred
Spelthorne,2020-10-03,2.0,7.0,9.0,12.0,19.0,inferred
Spelthorne,2020-10-04,3.0,7.0,10.0,13.0,21.0,inferred
Spelthorne,2020-10-05,3.0,7.0,10.0,13.0,20.0,inferred
Spelthorne,2020-10-06,3.0,7.0,10.0,13.0,21.0,inferred
Spelthorne,2020-10-07,3.0,7.0,10.0,13.0,20.0,inferred
Spelthorne,2020-10-08,2.0,7.0,9.0,13.0,20.0,inferred
Spelthorne,2020-10-09,3.0,7.0,9.0,13.0,20.0,inferred
Spelthorne,2020-10-10,3.0,7.0,9.0,13.0,21.0,inferred
Spelthorne,2020-10-11,3.0,7.0,10.0,13.0,21.0,inferred
Spelthorne,2020-10-12,3.0,7.0,10.0,14.0,22.0,inferred
Spelthorne,2020-10-13,3.0,8.0,11.0,14.0,23.0,inferred
Spelthorne,2020-10-14,4.0,8.0,12.0,15.0,24.0,inferred
Spelthorne,2020-10-15,4.0,9.0,12.0,16.0,25.0,inferred
Spelthorne,2020-10-16,4.0,9.0,13.0,17.0,26.0,inferred
Spelthorne,2020-10-17,5.0,10.0,13.0,17.0,26.0,inferred
Spelthorne,2020-10-18,5.0,10.0,13.0,18.0,27.0,inferred
Spelthorne,2020-10-19,5.0,10.0,14.0,18.0,28.0,inferred
Spelthorne,2020-10-20,5.0,10.0,14.0,18.0,27.0,inferred
Spelthorne,2020-10-21,5.0,10.0,14.0,18.0,27.0,inferred
Spelthorne,2020-10-22,5.0,10.0,14.0,18.0,27.0,inferred
Spelthorne,2020-10-23,5.0,11.0,15.0,19.0,28.0,inferred
Spelthorne,2020-10-24,6.0,12.0,16.0,20.0,30.0,inferred
Spelthorne,2020-10-25,7.0,13.0,17.0,22.0,32.0,inferred
Spelthorne,2020-10-26,9.0,15.0,19.0,24.0,35.0,inferred
Spelthorne,2020-10-27,9.0,16.0,21.0,26.0,36.0,inferred
Spelthorne,2020-10-28,11.0,18.0,22.0,27.0,39.0,inferred
Spelthorne,2020-10-29,10.0,18.0,23.0,28.0,40.0,inferred
Spelthorne,2020-10-30,11.0,19.0,24.0,29.0,41.0,inferred
St Albans,2020-08-01,0.0,0.0,1.0,2.0,5.0,inferred
St Albans,2020-08-02,0.0,0.0,1.0,2.0,5.0,inferred
St Albans,2020-08-03,0.0,0.0,1.0,2.0,5.0,inferred
St Albans,2020-08-04,0.0,0.0,1.0,2.0,5.0,inferred
St Albans,2020-08-05,0.0,0.0,1.0,2.0,6.0,inferred
St Albans,2020-08-06,0.0,0.0,1.0,2.0,6.0,inferred
St Albans,2020-08-07,0.0,0.0,1.0,2.0,6.0,inferred
St Albans,2020-08-08,0.0,0.0,1.0,2.0,6.0,inferred
St Albans,2020-08-09,0.0,0.0,1.0,2.0,6.0,inferred
St Albans,2020-08-10,0.0,0.0,1.0,2.0,6.0,inferred
St Albans,2020-08-11,0.0,0.0,1.0,2.0,6.0,inferred
St Albans,2020-08-12,0.0,0.0,1.0,3.0,7.0,inferred
St Albans,2020-08-13,0.0,0.0,1.0,3.0,6.0,inferred
St Albans,2020-08-14,0.0,0.0,1.0,3.0,6.0,inferred
St Albans,2020-08-15,0.0,0.0,1.0,3.0,7.0,inferred
St Albans,2020-08-16,0.0,0.0,1.0,3.0,7.0,inferred
St Albans,2020-08-17,0.0,0.0,1.0,3.0,7.0,inferred
St Albans,2020-08-18,0.0,0.0,1.0,3.0,7.0,inferred
St Albans,2020-08-19,0.0,0.0,1.0,3.0,7.0,inferred
St Albans,2020-08-20,0.0,0.0,1.0,3.0,7.0,inferred
St Albans,2020-08-21,0.0,0.0,1.0,3.0,7.0,inferred
St Albans,2020-08-22,0.0,0.0,1.0,3.0,7.0,inferred
St Albans,2020-08-23,0.0,0.0,2.0,3.0,8.0,inferred
St Albans,2020-08-24,0.0,1.0,2.0,3.0,8.0,inferred
St Albans,2020-08-25,0.0,1.0,2.0,4.0,9.0,inferred
St Albans,2020-08-26,0.0,1.0,2.0,4.0,9.0,inferred
St Albans,2020-08-27,0.0,1.0,2.0,4.0,9.0,inferred
St Albans,2020-08-28,0.0,1.0,3.0,4.0,9.0,inferred
St Albans,2020-08-29,0.0,1.0,3.0,4.0,9.0,inferred
St Albans,2020-08-30,0.0,1.0,3.0,5.0,10.0,inferred
St Albans,2020-08-31,0.0,2.0,3.0,5.0,11.0,inferred
St Albans,2020-09-01,0.0,2.0,4.0,6.0,12.0,inferred
St Albans,2020-09-02,0.0,2.0,4.0,6.0,13.0,inferred
St Albans,2020-09-03,0.0,2.0,4.0,7.0,13.0,inferred
St Albans,2020-09-04,0.0,2.0,4.0,7.0,13.0,inferred
St Albans,2020-09-05,0.0,3.0,5.0,7.0,13.0,inferred
St Albans,2020-09-06,0.0,3.0,5.0,7.0,14.0,inferred
St Albans,2020-09-07,1.0,3.0,5.0,8.0,14.0,inferred
St Albans,2020-09-08,1.0,4.0,6.0,9.0,15.0,inferred
St Albans,2020-09-09,1.0,4.0,6.0,9.0,15.0,inferred
St Albans,2020-09-10,1.0,4.0,7.0,9.0,16.0,inferred
St Albans,2020-09-11,2.0,5.0,7.0,10.0,16.0,inferred
St Albans,2020-09-12,2.0,5.0,7.0,10.0,16.0,inferred
St Albans,2020-09-13,1.0,5.0,7.0,10.0,17.0,inferred
St Albans,2020-09-14,1.0,5.0,7.0,10.0,17.0,inferred
St Albans,2020-09-15,1.0,5.0,7.0,10.0,18.0,inferred
St Albans,2020-09-16,2.0,5.0,7.0,11.0,18.0,inferred
St Albans,2020-09-17,2.0,5.0,8.0,11.0,17.0,inferred
St Albans,2020-09-18,2.0,5.0,8.0,10.0,17.0,inferred
St Albans,2020-09-19,2.0,5.0,7.0,10.0,17.0,inferred
St Albans,2020-09-20,2.0,5.0,7.0,10.0,17.0,inferred
St Albans,2020-09-21,2.0,5.0,7.0,10.0,17.0,inferred
St Albans,2020-09-22,2.0,5.0,8.0,11.0,18.0,inferred
St Albans,2020-09-23,2.0,5.0,8.0,11.0,17.0,inferred
St Albans,2020-09-24,2.0,6.0,8.0,11.0,18.0,inferred
St Albans,2020-09-25,2.0,6.0,9.0,12.0,20.0,inferred
St Albans,2020-09-26,3.0,7.0,10.0,13.0,21.0,inferred
St Albans,2020-09-27,3.0,8.0,11.0,14.0,22.0,inferred
St Albans,2020-09-28,5.0,9.0,12.0,16.0,24.0,inferred
St Albans,2020-09-29,5.0,10.0,14.0,17.0,26.0,inferred
St Albans,2020-09-30,6.0,11.0,15.0,19.0,28.0,inferred
St Albans,2020-10-01,7.0,12.0,16.0,20.0,30.0,inferred
St Albans,2020-10-02,7.0,13.0,16.0,21.0,30.0,inferred
St Albans,2020-10-03,7.0,13.0,17.0,21.0,30.0,inferred
St Albans,2020-10-04,7.0,13.0,17.0,21.0,30.0,inferred
St Albans,2020-10-05,7.0,13.0,17.0,21.0,30.0,inferred
St Albans,2020-10-06,7.0,13.0,17.0,21.0,31.0,inferred
St Albans,2020-10-07,7.0,13.0,17.0,21.0,31.0,inferred
St Albans,2020-10-08,7.0,13.0,17.0,21.0,30.0,inferred
St Albans,2020-10-09,6.0,12.0,16.0,21.0,30.0,inferred
St Albans,2020-10-10,7.0,13.0,16.0,20.0,30.0,inferred
St Albans,2020-10-11,6.0,12.0,16.0,20.0,29.0,inferred
St Albans,2020-10-12,6.0,12.0,16.0,20.0,29.0,inferred
St Albans,2020-10-13,6.0,12.0,16.0,20.0,31.0,inferred
St Albans,2020-10-14,7.0,13.0,16.0,21.0,30.0,inferred
St Albans,2020-10-15,7.0,13.0,17.0,21.0,30.0,inferred
St Albans,2020-10-16,7.0,13.8,17.0,22.0,31.0,inferred
St Albans,2020-10-17,8.0,14.0,18.0,23.0,32.0,inferred
St Albans,2020-10-18,8.0,15.0,19.0,24.0,34.0,inferred
St Albans,2020-10-19,9.0,15.0,20.0,24.0,35.0,inferred
St Albans,2020-10-20,9.0,16.0,20.0,25.0,35.0,inferred
St Albans,2020-10-21,9.0,16.0,20.0,25.0,35.0,inferred
St Albans,2020-10-22,9.0,15.0,19.0,24.0,34.0,inferred
St Albans,2020-10-23,9.0,15.0,19.0,24.0,34.0,inferred
St Albans,2020-10-24,8.0,15.0,19.0,24.0,34.0,inferred
St Albans,2020-10-25,8.0,14.0,18.0,23.0,33.0,inferred
St Albans,2020-10-26,8.0,14.0,18.0,22.0,32.0,inferred
St Albans,2020-10-27,8.0,14.0,18.0,23.0,32.0,inferred
St Albans,2020-10-28,8.0,14.0,18.0,23.0,32.0,inferred
St Albans,2020-10-29,8.0,14.0,19.0,23.0,33.0,inferred
St Albans,2020-10-30,8.0,14.0,19.0,23.0,34.0,inferred
Stevenage,2020-08-01,0.0,0.0,0.0,1.0,3.0,inferred
Stevenage,2020-08-02,0.0,0.0,0.0,1.0,3.0,inferred
Stevenage,2020-08-03,0.0,0.0,0.0,0.0,3.0,inferred
Stevenage,2020-08-04,0.0,0.0,0.0,1.0,3.0,inferred
Stevenage,2020-08-05,0.0,0.0,0.0,1.0,3.0,inferred
Stevenage,2020-08-06,0.0,0.0,0.0,1.0,4.0,inferred
Stevenage,2020-08-07,0.0,0.0,0.0,1.0,4.0,inferred
Stevenage,2020-08-08,0.0,0.0,0.0,1.0,4.0,inferred
Stevenage,2020-08-09,0.0,0.0,0.0,1.0,4.0,inferred
Stevenage,2020-08-10,0.0,0.0,0.0,1.0,5.0,inferred
Stevenage,2020-08-11,0.0,0.0,0.0,1.0,5.0,inferred
Stevenage,2020-08-12,0.0,0.0,0.0,1.0,5.0,inferred
Stevenage,2020-08-13,0.0,0.0,0.0,1.0,5.0,inferred
Stevenage,2020-08-14,0.0,0.0,0.0,1.0,5.0,inferred
Stevenage,2020-08-15,0.0,0.0,0.0,1.0,5.0,inferred
Stevenage,2020-08-16,0.0,0.0,0.0,1.0,5.0,inferred
Stevenage,2020-08-17,0.0,0.0,0.0,1.0,5.0,inferred
Stevenage,2020-08-18,0.0,0.0,0.0,1.0,5.0,inferred
Stevenage,2020-08-19,0.0,0.0,0.0,1.0,4.0,inferred
Stevenage,2020-08-20,0.0,0.0,0.0,1.0,4.0,inferred
Stevenage,2020-08-21,0.0,0.0,0.0,1.0,4.0,inferred
Stevenage,2020-08-22,0.0,0.0,0.0,1.0,5.0,inferred
Stevenage,2020-08-23,0.0,0.0,1.0,2.0,5.0,inferred
Stevenage,2020-08-24,0.0,0.0,1.0,2.0,6.0,inferred
Stevenage,2020-08-25,0.0,0.0,1.0,2.0,6.0,inferred
Stevenage,2020-08-26,0.0,0.0,1.0,2.0,6.0,inferred
Stevenage,2020-08-27,0.0,0.0,1.0,2.0,6.0,inferred
Stevenage,2020-08-28,0.0,0.0,1.0,2.0,6.0,inferred
Stevenage,2020-08-29,0.0,0.0,1.0,3.0,6.0,inferred
Stevenage,2020-08-30,0.0,0.0,1.0,3.0,6.0,inferred
Stevenage,2020-08-31,0.0,0.0,1.0,3.0,7.0,inferred
Stevenage,2020-09-01,0.0,1.0,2.0,3.0,8.0,inferred
Stevenage,2020-09-02,0.0,1.0,2.0,3.0,8.0,inferred
Stevenage,2020-09-03,0.0,1.0,2.0,4.0,9.0,inferred
Stevenage,2020-09-04,0.0,1.0,2.0,4.0,8.0,inferred
Stevenage,2020-09-05,0.0,1.0,2.0,4.0,8.0,inferred
Stevenage,2020-09-06,0.0,1.0,2.0,4.0,9.0,inferred
Stevenage,2020-09-07,0.0,1.0,2.0,4.0,9.0,inferred
Stevenage,2020-09-08,0.0,1.0,3.0,4.0,9.0,inferred
Stevenage,2020-09-09,0.0,1.0,3.0,5.0,10.0,inferred
Stevenage,2020-09-10,0.0,1.0,3.0,5.0,10.0,inferred
Stevenage,2020-09-11,0.0,1.0,3.0,5.0,10.0,inferred
Stevenage,2020-09-12,0.0,1.0,3.0,5.0,10.0,inferred
Stevenage,2020-09-13,0.0,1.0,3.0,5.0,10.0,inferred
Stevenage,2020-09-14,0.0,1.0,3.0,5.0,10.0,inferred
Stevenage,2020-09-15,0.0,1.0,3.0,4.0,9.0,inferred
Stevenage,2020-09-16,0.0,1.0,2.0,4.0,9.0,inferred
Stevenage,2020-09-17,0.0,1.0,2.0,4.0,9.0,inferred
Stevenage,2020-09-18,0.0,1.0,2.0,4.0,9.0,inferred
Stevenage,2020-09-19,0.0,1.0,2.0,4.0,9.0,inferred
Stevenage,2020-09-20,0.0,1.0,2.0,4.0,9.0,inferred
Stevenage,2020-09-21,0.0,1.0,2.0,4.0,9.0,inferred
Stevenage,2020-09-22,0.0,1.0,2.0,4.0,8.0,inferred
Stevenage,2020-09-23,0.0,1.0,2.0,4.0,8.0,inferred
Stevenage,2020-09-24,0.0,1.0,2.0,4.0,8.0,inferred
Stevenage,2020-09-25,0.0,1.0,2.0,4.0,8.0,inferred
Stevenage,2020-09-26,0.0,1.0,2.0,4.0,9.0,inferred
Stevenage,2020-09-27,0.0,1.0,2.0,4.0,9.0,inferred
Stevenage,2020-09-28,0.0,1.0,2.0,4.0,9.0,inferred
Stevenage,2020-09-29,0.0,1.0,2.0,4.0,10.0,inferred
Stevenage,2020-09-30,0.0,1.0,3.0,5.0,10.0,inferred
Stevenage,2020-10-01,0.0,2.0,3.0,5.0,11.0,inferred
Stevenage,2020-10-02,0.0,2.0,3.0,6.0,11.0,inferred
Stevenage,2020-10-03,0.0,2.0,4.0,6.0,11.0,inferred
Stevenage,2020-10-04,0.0,2.0,4.0,6.0,12.0,inferred
Stevenage,2020-10-05,0.0,2.0,4.0,7.0,12.0,inferred
Stevenage,2020-10-06,0.0,3.0,5.0,7.0,13.0,inferred
Stevenage,2020-10-07,0.0,3.0,5.0,7.0,13.0,inferred
Stevenage,2020-10-08,0.0,3.0,5.0,7.0,13.0,inferred
Stevenage,2020-10-09,0.0,3.0,5.0,7.0,13.0,inferred
Stevenage,2020-10-10,0.0,3.0,5.0,7.0,13.0,inferred
Stevenage,2020-10-11,1.0,3.0,5.0,8.0,14.0,inferred
Stevenage,2020-10-12,1.0,3.0,6.0,8.0,15.0,inferred
Stevenage,2020-10-13,1.0,4.0,6.0,9.0,16.0,inferred
Stevenage,2020-10-14,1.0,4.0,7.0,10.0,17.0,inferred
Stevenage,2020-10-15,2.0,5.0,8.0,10.0,18.0,inferred
Stevenage,2020-10-16,2.0,6.0,8.0,11.0,19.0,inferred
Stevenage,2020-10-17,2.0,6.0,9.0,12.0,20.0,inferred
Stevenage,2020-10-18,2.0,6.0,9.0,13.0,20.0,inferred
Stevenage,2020-10-19,3.0,7.0,10.0,13.0,21.0,inferred
Stevenage,2020-10-20,3.0,8.0,11.0,14.0,22.0,inferred
Stevenage,2020-10-21,4.0,8.0,12.0,15.0,24.0,inferred
Stevenage,2020-10-22,4.0,9.0,12.0,16.0,25.0,inferred
Stevenage,2020-10-23,4.0,10.0,13.5,17.0,26.0,inferred
Stevenage,2020-10-24,5.0,11.0,14.0,18.0,27.0,inferred
Stevenage,2020-10-25,6.0,11.0,14.0,18.0,27.0,inferred
Stevenage,2020-10-26,5.0,11.0,14.0,19.0,28.0,inferred
Stevenage,2020-10-27,5.0,11.0,15.0,19.0,28.0,inferred
Stevenage,2020-10-28,6.0,11.0,15.0,19.0,28.0,inferred
Stevenage,2020-10-29,6.0,12.0,16.0,20.0,30.0,inferred
Stevenage,2020-10-30,6.0,12.0,16.0,21.0,33.0,inferred
Stratford-on-Avon,2020-08-01,0.0,0.0,0.0,0.0,2.0,inferred
Stratford-on-Avon,2020-08-02,0.0,0.0,0.0,0.0,2.0,inferred
Stratford-on-Avon,2020-08-03,0.0,0.0,0.0,0.0,2.0,inferred
Stratford-on-Avon,2020-08-04,0.0,0.0,0.0,0.0,3.0,inferred
Stratford-on-Avon,2020-08-05,0.0,0.0,0.0,1.0,4.0,inferred
Stratford-on-Avon,2020-08-06,0.0,0.0,0.0,1.0,4.0,inferred
Stratford-on-Avon,2020-08-07,0.0,0.0,0.0,1.0,4.0,inferred
Stratford-on-Avon,2020-08-08,0.0,0.0,0.0,1.0,4.0,inferred
Stratford-on-Avon,2020-08-09,0.0,0.0,0.0,1.0,4.0,inferred
Stratford-on-Avon,2020-08-10,0.0,0.0,0.0,1.0,4.0,inferred
Stratford-on-Avon,2020-08-11,0.0,0.0,0.0,1.0,5.0,inferred
Stratford-on-Avon,2020-08-12,0.0,0.0,0.0,1.0,4.0,inferred
Stratford-on-Avon,2020-08-13,0.0,0.0,0.0,1.0,4.0,inferred
Stratford-on-Avon,2020-08-14,0.0,0.0,0.0,1.0,5.0,inferred
Stratford-on-Avon,2020-08-15,0.0,0.0,0.0,1.0,5.0,inferred
Stratford-on-Avon,2020-08-16,0.0,0.0,1.0,2.0,5.0,inferred
Stratford-on-Avon,2020-08-17,0.0,0.0,1.0,2.0,5.0,inferred
Stratford-on-Avon,2020-08-18,0.0,0.0,1.0,2.0,5.0,inferred
Stratford-on-Avon,2020-08-19,0.0,0.0,1.0,2.0,6.0,inferred
Stratford-on-Avon,2020-08-20,0.0,0.0,1.0,2.0,6.0,inferred
Stratford-on-Avon,2020-08-21,0.0,0.0,1.0,2.0,5.0,inferred
Stratford-on-Avon,2020-08-22,0.0,0.0,1.0,2.0,5.0,inferred
Stratford-on-Avon,2020-08-23,0.0,0.0,1.0,2.0,6.0,inferred
Stratford-on-Avon,2020-08-24,0.0,0.0,1.0,2.0,6.0,inferred
Stratford-on-Avon,2020-08-25,0.0,0.0,1.0,2.0,6.0,inferred
Stratford-on-Avon,2020-08-26,0.0,0.0,1.0,2.0,6.0,inferred
Stratford-on-Avon,2020-08-27,0.0,0.0,1.0,2.2,7.0,inferred
Stratford-on-Avon,2020-08-28,0.0,0.0,1.0,3.0,7.0,inferred
Stratford-on-Avon,2020-08-29,0.0,0.0,1.0,3.0,7.0,inferred
Stratford-on-Avon,2020-08-30,0.0,0.0,1.0,3.0,7.0,inferred
Stratford-on-Avon,2020-08-31,0.0,1.0,2.0,3.0,7.0,inferred
Stratford-on-Avon,2020-09-01,0.0,1.0,2.0,3.0,8.0,inferred
Stratford-on-Avon,2020-09-02,0.0,1.0,2.0,3.0,8.0,inferred
Stratford-on-Avon,2020-09-03,0.0,1.0,2.0,4.0,8.0,inferred
Stratford-on-Avon,2020-09-04,0.0,1.0,2.0,4.0,8.0,inferred
Stratford-on-Avon,2020-09-05,0.0,1.0,2.0,4.0,9.0,inferred
Stratford-on-Avon,2020-09-06,0.0,1.0,2.0,4.0,9.0,inferred
Stratford-on-Avon,2020-09-07,0.0,1.0,2.0,4.0,9.0,inferred
Stratford-on-Avon,2020-09-08,0.0,1.0,3.0,4.0,9.0,inferred
Stratford-on-Avon,2020-09-09,0.0,1.0,3.0,4.0,9.0,inferred
Stratford-on-Avon,2020-09-10,0.0,1.0,2.0,4.0,9.0,inferred
Stratford-on-Avon,2020-09-11,0.0,1.0,3.0,4.0,9.0,inferred
Stratford-on-Avon,2020-09-12,0.0,1.0,3.0,4.0,9.0,inferred
Stratford-on-Avon,2020-09-13,0.0,1.0,3.0,5.0,10.0,inferred
Stratford-on-Avon,2020-09-14,0.0,1.0,3.0,5.0,10.0,inferred
Stratford-on-Avon,2020-09-15,0.0,1.0,3.0,5.0,10.0,inferred
Stratford-on-Avon,2020-09-16,0.0,2.0,3.0,5.0,10.0,inferred
Stratford-on-Avon,2020-09-17,0.0,2.0,3.5,5.0,11.0,inferred
Stratford-on-Avon,2020-09-18,0.0,2.0,4.0,6.0,11.0,inferred
Stratford-on-Avon,2020-09-19,0.0,2.0,4.0,6.0,12.0,inferred
Stratford-on-Avon,2020-09-20,0.0,2.0,4.0,6.0,12.0,inferred
Stratford-on-Avon,2020-09-21,0.0,3.0,4.0,7.0,13.0,inferred
Stratford-on-Avon,2020-09-22,0.0,3.0,5.0,7.0,13.0,inferred
Stratford-on-Avon,2020-09-23,0.0,3.0,5.0,7.0,13.0,inferred
Stratford-on-Avon,2020-09-24,0.0,3.0,5.0,8.0,14.0,inferred
Stratford-on-Avon,2020-09-25,1.0,4.0,6.0,8.0,14.0,inferred
Stratford-on-Avon,2020-09-26,1.0,4.0,6.0,9.0,15.0,inferred
Stratford-on-Avon,2020-09-27,1.0,5.0,7.0,10.0,17.0,inferred
Stratford-on-Avon,2020-09-28,2.0,6.0,8.0,12.0,18.0,inferred
Stratford-on-Avon,2020-09-29,2.0,7.0,10.0,13.0,21.0,inferred
Stratford-on-Avon,2020-09-30,3.0,7.0,11.0,14.0,22.0,inferred
Stratford-on-Avon,2020-10-01,4.0,8.0,11.0,15.0,23.0,inferred
Stratford-on-Avon,2020-10-02,4.0,9.0,12.0,16.0,24.0,inferred
Stratford-on-Avon,2020-10-03,5.0,10.0,13.0,17.0,26.0,inferred
Stratford-on-Avon,2020-10-04,6.0,11.0,15.0,19.0,28.0,inferred
Stratford-on-Avon,2020-10-05,7.0,12.0,16.0,20.0,30.0,inferred
Stratford-on-Avon,2020-10-06,7.0,13.0,17.0,21.0,31.0,inferred
Stratford-on-Avon,2020-10-07,7.0,13.0,17.0,22.0,33.0,inferred
Stratford-on-Avon,2020-10-08,8.0,14.0,18.0,22.0,31.0,inferred
Stratford-on-Avon,2020-10-09,8.0,13.0,17.0,22.0,31.0,inferred
Stratford-on-Avon,2020-10-10,7.0,14.0,18.0,22.0,32.0,inferred
Stratford-on-Avon,2020-10-11,7.0,14.0,18.0,22.0,33.0,inferred
Stratford-on-Avon,2020-10-12,8.0,14.0,18.0,22.0,32.0,inferred
Stratford-on-Avon,2020-10-13,8.0,14.0,18.0,23.0,33.0,inferred
Stratford-on-Avon,2020-10-14,8.0,15.0,19.0,24.0,34.0,inferred
Stratford-on-Avon,2020-10-15,9.0,16.0,20.0,25.0,35.0,inferred
Stratford-on-Avon,2020-10-16,9.0,16.0,21.0,26.0,37.0,inferred
Stratford-on-Avon,2020-10-17,10.0,17.0,22.0,26.2,38.0,inferred
Stratford-on-Avon,2020-10-18,11.0,18.0,22.0,27.0,38.0,inferred
Stratford-on-Avon,2020-10-19,11.0,19.0,23.0,28.0,38.0,inferred
Stratford-on-Avon,2020-10-20,12.0,19.0,23.0,29.0,40.0,inferred
Stratford-on-Avon,2020-10-21,12.0,20.0,24.0,29.0,40.0,inferred
Stratford-on-Avon,2020-10-22,12.0,20.0,25.0,30.0,41.0,inferred
Stratford-on-Avon,2020-10-23,13.0,21.0,25.0,31.0,42.0,inferred
Stratford-on-Avon,2020-10-24,13.0,21.0,26.0,32.0,43.0,inferred
Stratford-on-Avon,2020-10-25,14.0,22.0,27.0,32.0,43.0,inferred
Stratford-on-Avon,2020-10-26,14.0,23.0,28.0,34.0,45.0,inferred
Stratford-on-Avon,2020-10-27,15.0,24.0,29.0,35.0,47.0,inferred
Stratford-on-Avon,2020-10-28,16.0,24.0,30.0,36.0,49.0,inferred
Stratford-on-Avon,2020-10-29,16.0,25.0,31.0,37.0,50.0,inferred
Stratford-on-Avon,2020-10-30,16.0,25.0,31.0,38.0,53.0,inferred
Stroud,2020-08-01,0.0,0.0,0.0,1.0,4.0,inferred
Stroud,2020-08-02,0.0,0.0,0.0,1.0,3.0,inferred
Stroud,2020-08-03,0.0,0.0,0.0,1.0,3.0,inferred
Stroud,2020-08-04,0.0,0.0,0.0,1.0,3.0,inferred
Stroud,2020-08-05,0.0,0.0,0.0,0.0,3.0,inferred
Stroud,2020-08-06,0.0,0.0,0.0,1.0,3.0,inferred
Stroud,2020-08-07,0.0,0.0,0.0,1.0,4.0,inferred
Stroud,2020-08-08,0.0,0.0,0.0,1.0,4.0,inferred
Stroud,2020-08-09,0.0,0.0,0.0,1.0,4.0,inferred
Stroud,2020-08-10,0.0,0.0,0.0,1.0,4.0,inferred
Stroud,2020-08-11,0.0,0.0,0.0,1.0,4.0,inferred
Stroud,2020-08-12,0.0,0.0,0.0,1.0,4.0,inferred
Stroud,2020-08-13,0.0,0.0,0.0,1.0,4.0,inferred
Stroud,2020-08-14,0.0,0.0,0.0,1.0,4.0,inferred
Stroud,2020-08-15,0.0,0.0,0.0,1.0,4.0,inferred
Stroud,2020-08-16,0.0,0.0,0.0,1.0,5.0,inferred
Stroud,2020-08-17,0.0,0.0,0.0,1.0,5.0,inferred
Stroud,2020-08-18,0.0,0.0,1.0,2.0,5.0,inferred
Stroud,2020-08-19,0.0,0.0,1.0,2.0,5.0,inferred
Stroud,2020-08-20,0.0,0.0,1.0,2.0,6.0,inferred
Stroud,2020-08-21,0.0,0.0,1.0,2.0,5.0,inferred
Stroud,2020-08-22,0.0,0.0,1.0,2.0,5.0,inferred
Stroud,2020-08-23,0.0,0.0,1.0,2.0,5.0,inferred
Stroud,2020-08-24,0.0,0.0,1.0,2.0,5.0,inferred
Stroud,2020-08-25,0.0,0.0,1.0,2.0,6.0,inferred
Stroud,2020-08-26,0.0,0.0,1.0,2.0,5.0,inferred
Stroud,2020-08-27,0.0,0.0,1.0,2.0,5.0,inferred
Stroud,2020-08-28,0.0,0.0,1.0,2.0,6.0,inferred
Stroud,2020-08-29,0.0,0.0,1.0,2.0,6.0,inferred
Stroud,2020-08-30,0.0,0.0,1.0,2.0,6.0,inferred
Stroud,2020-08-31,0.0,0.0,1.0,2.0,6.0,inferred
Stroud,2020-09-01,0.0,0.0,1.0,2.0,6.0,inferred
Stroud,2020-09-02,0.0,0.0,1.0,2.0,6.0,inferred
Stroud,2020-09-03,0.0,0.0,1.0,2.0,6.0,inferred
Stroud,2020-09-04,0.0,0.0,1.0,2.0,6.0,inferred
Stroud,2020-09-05,0.0,0.0,1.0,3.0,7.0,inferred
Stroud,2020-09-06,0.0,0.0,1.0,3.0,7.0,inferred
Stroud,2020-09-07,0.0,0.0,1.0,3.0,7.0,inferred
Stroud,2020-09-08,0.0,0.0,1.0,3.0,6.0,inferred
Stroud,2020-09-09,0.0,0.0,1.0,2.0,6.0,inferred
Stroud,2020-09-10,0.0,0.0,1.0,2.0,6.0,inferred
Stroud,2020-09-11,0.0,0.0,1.0,2.0,6.0,inferred
Stroud,2020-09-12,0.0,0.0,1.0,2.0,6.0,inferred
Stroud,2020-09-13,0.0,0.0,1.0,2.0,6.0,inferred
Stroud,2020-09-14,0.0,0.0,1.0,3.0,7.0,inferred
Stroud,2020-09-15,0.0,0.0,1.0,3.0,7.0,inferred
Stroud,2020-09-16,0.0,1.0,2.0,3.0,7.0,inferred
Stroud,2020-09-17,0.0,1.0,2.0,3.0,8.0,inferred
Stroud,2020-09-18,0.0,1.0,2.0,4.0,9.0,inferred
Stroud,2020-09-19,0.0,1.0,2.0,4.0,9.0,inferred
Stroud,2020-09-20,0.0,1.0,3.0,4.0,9.0,inferred
Stroud,2020-09-21,0.0,1.0,3.0,5.0,10.0,inferred
Stroud,2020-09-22,0.0,1.0,3.0,5.0,10.0,inferred
Stroud,2020-09-23,0.0,2.0,3.0,5.0,11.0,inferred
Stroud,2020-09-24,0.0,2.0,3.0,5.0,10.0,inferred
Stroud,2020-09-25,0.0,2.0,3.0,5.0,11.0,inferred
Stroud,2020-09-26,0.0,2.0,3.0,5.0,11.0,inferred
Stroud,2020-09-27,0.0,2.0,4.0,5.0,11.0,inferred
Stroud,2020-09-28,0.0,2.0,4.0,6.0,11.0,inferred
Stroud,2020-09-29,0.0,2.0,4.0,6.0,11.0,inferred
Stroud,2020-09-30,0.0,2.0,4.0,6.0,12.0,inferred
Stroud,2020-10-01,0.0,3.0,4.0,7.0,13.0,inferred
Stroud,2020-10-02,0.0,3.0,5.0,7.0,13.0,inferred
Stroud,2020-10-03,0.0,3.0,5.0,8.0,14.0,inferred
Stroud,2020-10-04,1.0,4.0,6.0,8.0,15.0,inferred
Stroud,2020-10-05,1.0,4.0,6.0,9.0,16.0,inferred
Stroud,2020-10-06,1.0,4.0,7.0,9.0,16.0,inferred
Stroud,2020-10-07,1.0,4.0,7.0,10.0,16.0,inferred
Stroud,2020-10-08,1.0,4.0,7.0,10.0,17.0,inferred
Stroud,2020-10-09,1.0,4.0,7.0,10.0,17.0,inferred
Stroud,2020-10-10,2.0,5.0,7.0,10.0,18.0,inferred
Stroud,2020-10-11,2.0,5.0,8.0,11.0,19.0,inferred
Stroud,2020-10-12,2.0,6.0,9.0,12.0,20.0,inferred
Stroud,2020-10-13,3.0,7.0,9.0,12.0,20.0,inferred
Stroud,2020-10-14,3.0,7.0,10.0,13.0,20.0,inferred
Stroud,2020-10-15,3.0,7.0,10.0,13.0,21.0,inferred
Stroud,2020-10-16,3.0,7.0,10.0,14.0,21.0,inferred
Stroud,2020-10-17,3.0,7.0,10.0,14.0,22.0,inferred
Stroud,2020-10-18,3.0,8.0,11.0,15.0,22.0,inferred
Stroud,2020-10-19,4.0,9.0,12.0,15.2,25.0,inferred
Stroud,2020-10-20,4.0,9.0,12.0,17.0,26.0,inferred
Stroud,2020-10-21,4.0,10.0,13.0,18.0,29.0,inferred
Stroud,2020-10-22,5.0,10.0,14.0,19.0,30.0,inferred
Stroud,2020-10-23,5.0,11.0,15.0,20.0,31.0,inferred
Stroud,2020-10-24,6.0,12.0,16.0,21.0,33.0,inferred
Stroud,2020-10-25,6.0,13.0,17.0,22.0,32.0,inferred
Stroud,2020-10-26,8.0,14.0,19.0,24.0,35.0,inferred
Stroud,2020-10-27,9.0,16.0,20.0,25.0,37.0,inferred
Stroud,2020-10-28,10.0,17.0,22.0,27.0,38.0,inferred
Stroud,2020-10-29,11.0,18.0,23.0,29.0,40.0,inferred
Stroud,2020-10-30,11.0,19.0,24.0,29.0,41.0,inferred
Surrey Heath,2020-08-01,0.0,0.0,0.0,1.0,4.0,inferred
Surrey Heath,2020-08-02,0.0,0.0,0.0,1.0,4.0,inferred
Surrey Heath,2020-08-03,0.0,0.0,0.0,1.0,5.0,inferred
Surrey Heath,2020-08-04,0.0,0.0,0.0,1.0,4.0,inferred
Surrey Heath,2020-08-05,0.0,0.0,0.0,1.0,4.0,inferred
Surrey Heath,2020-08-06,0.0,0.0,0.0,1.0,4.0,inferred
Surrey Heath,2020-08-07,0.0,0.0,0.0,1.0,5.0,inferred
Surrey Heath,2020-08-08,0.0,0.0,0.0,2.0,5.0,inferred
Surrey Heath,2020-08-09,0.0,0.0,1.0,2.0,6.0,inferred
Surrey Heath,2020-08-10,0.0,0.0,1.0,2.0,6.0,inferred
Surrey Heath,2020-08-11,0.0,0.0,1.0,2.0,5.0,inferred
Surrey Heath,2020-08-12,0.0,0.0,0.0,2.0,5.0,inferred
Surrey Heath,2020-08-13,0.0,0.0,0.0,1.0,5.0,inferred
Surrey Heath,2020-08-14,0.0,0.0,0.0,1.0,5.0,inferred
Surrey Heath,2020-08-15,0.0,0.0,0.0,1.0,5.0,inferred
Surrey Heath,2020-08-16,0.0,0.0,0.0,1.0,5.0,inferred
Surrey Heath,2020-08-17,0.0,0.0,0.0,1.0,5.0,inferred
Surrey Heath,2020-08-18,0.0,0.0,0.0,1.0,5.0,inferred
Surrey Heath,2020-08-19,0.0,0.0,0.0,1.0,5.0,inferred
Surrey Heath,2020-08-20,0.0,0.0,0.0,1.0,5.0,inferred
Surrey Heath,2020-08-21,0.0,0.0,0.0,1.0,5.0,inferred
Surrey Heath,2020-08-22,0.0,0.0,0.0,2.0,5.0,inferred
Surrey Heath,2020-08-23,0.0,0.0,1.0,2.0,5.0,inferred
Surrey Heath,2020-08-24,0.0,0.0,1.0,2.0,5.0,inferred
Surrey Heath,2020-08-25,0.0,0.0,1.0,2.0,5.0,inferred
Surrey Heath,2020-08-26,0.0,0.0,1.0,2.0,5.0,inferred
Surrey Heath,2020-08-27,0.0,0.0,1.0,2.0,5.0,inferred
Surrey Heath,2020-08-28,0.0,0.0,1.0,2.0,6.0,inferred
Surrey Heath,2020-08-29,0.0,0.0,1.0,2.0,6.0,inferred
Surrey Heath,2020-08-30,0.0,0.0,1.0,2.0,6.0,inferred
Surrey Heath,2020-08-31,0.0,0.0,1.0,2.0,7.0,inferred
Surrey Heath,2020-09-01,0.0,0.0,1.0,3.0,7.0,inferred
Surrey Heath,2020-09-02,0.0,0.0,1.0,3.0,7.0,inferred
Surrey Heath,2020-09-03,0.0,0.0,1.0,3.0,7.0,inferred
Surrey Heath,2020-09-04,0.0,0.0,1.0,3.0,7.0,inferred
Surrey Heath,2020-09-05,0.0,0.0,1.0,2.0,6.0,inferred
Surrey Heath,2020-09-06,0.0,0.0,1.0,2.0,6.0,inferred
Surrey Heath,2020-09-07,0.0,0.0,1.0,2.0,6.0,inferred
Surrey Heath,2020-09-08,0.0,0.0,1.0,2.0,6.0,inferred
Surrey Heath,2020-09-09,0.0,0.0,1.0,2.0,6.0,inferred
Surrey Heath,2020-09-10,0.0,0.0,1.0,2.0,6.0,inferred
Surrey Heath,2020-09-11,0.0,0.0,1.0,3.0,6.0,inferred
Surrey Heath,2020-09-12,0.0,0.0,1.0,3.0,6.0,inferred
Surrey Heath,2020-09-13,0.0,0.0,1.0,3.0,7.0,inferred
Surrey Heath,2020-09-14,0.0,1.0,2.0,3.0,8.0,inferred
Surrey Heath,2020-09-15,0.0,1.0,2.0,4.0,8.0,inferred
Surrey Heath,2020-09-16,0.0,1.0,2.0,4.0,9.0,inferred
Surrey Heath,2020-09-17,0.0,1.0,2.0,4.0,9.0,inferred
Surrey Heath,2020-09-18,0.0,1.0,3.0,4.0,10.0,inferred
Surrey Heath,2020-09-19,0.0,2.0,3.0,5.0,10.0,inferred
Surrey Heath,2020-09-20,0.0,2.0,3.0,5.0,11.0,inferred
Surrey Heath,2020-09-21,0.0,2.0,3.0,5.0,11.0,inferred
Surrey Heath,2020-09-22,0.0,2.0,4.0,6.0,11.0,inferred
Surrey Heath,2020-09-23,0.0,2.0,4.0,6.0,12.0,inferred
Surrey Heath,2020-09-24,0.0,2.0,4.0,6.0,12.0,inferred
Surrey Heath,2020-09-25,0.0,3.0,4.0,7.0,12.0,inferred
Surrey Heath,2020-09-26,0.0,3.0,5.0,7.0,13.0,inferred
Surrey Heath,2020-09-27,0.0,3.0,5.0,7.0,14.0,inferred
Surrey Heath,2020-09-28,1.0,3.0,5.0,8.0,14.0,inferred
Surrey Heath,2020-09-29,1.0,4.0,6.0,8.0,15.0,inferred
Surrey Heath,2020-09-30,1.0,4.0,7.0,9.0,15.0,inferred
Surrey Heath,2020-10-01,1.0,5.0,7.0,10.0,17.0,inferred
Surrey Heath,2020-10-02,2.0,5.0,8.0,11.0,18.0,inferred
Surrey Heath,2020-10-03,2.0,6.0,8.0,12.0,19.0,inferred
Surrey Heath,2020-10-04,2.0,6.0,9.0,12.0,20.0,inferred
Surrey Heath,2020-10-05,2.0,6.0,9.0,13.0,21.0,inferred
Surrey Heath,2020-10-06,2.0,6.0,9.0,13.0,22.0,inferred
Surrey Heath,2020-10-07,3.0,7.0,10.0,14.0,24.0,inferred
Surrey Heath,2020-10-08,3.0,7.0,10.0,14.0,24.0,inferred
Surrey Heath,2020-10-09,3.0,7.0,10.0,14.0,23.0,inferred
Surrey Heath,2020-10-10,2.0,7.0,10.0,14.0,23.0,inferred
Surrey Heath,2020-10-11,2.0,7.0,10.0,13.0,22.0,inferred
Surrey Heath,2020-10-12,3.0,7.0,10.0,13.0,22.0,inferred
Surrey Heath,2020-10-13,3.0,7.0,10.0,14.0,21.0,inferred
Surrey Heath,2020-10-14,3.0,7.0,10.0,14.0,22.0,inferred
Surrey Heath,2020-10-15,3.0,7.0,10.0,14.0,23.0,inferred
Surrey Heath,2020-10-16,3.0,8.0,11.0,14.0,22.0,inferred
Surrey Heath,2020-10-17,4.0,8.0,11.0,14.0,23.0,inferred
Surrey Heath,2020-10-18,3.0,8.0,11.0,15.0,24.0,inferred
Surrey Heath,2020-10-19,4.0,8.0,11.0,15.0,23.0,inferred
Surrey Heath,2020-10-20,4.0,8.0,11.0,15.0,24.0,inferred
Surrey Heath,2020-10-21,4.0,8.0,12.0,15.0,23.0,inferred
Surrey Heath,2020-10-22,3.0,8.0,11.0,15.0,24.0,inferred
Surrey Heath,2020-10-23,4.0,9.0,12.0,15.0,23.0,inferred
Surrey Heath,2020-10-24,4.0,8.0,12.0,16.0,24.0,inferred
Surrey Heath,2020-10-25,3.0,8.0,12.0,15.0,24.0,inferred
Surrey Heath,2020-10-26,4.0,8.0,12.0,16.0,25.0,inferred
Surrey Heath,2020-10-27,3.0,9.0,12.0,16.0,26.0,inferred
Surrey Heath,2020-10-28,4.0,9.0,12.0,17.0,27.0,inferred
Surrey Heath,2020-10-29,4.0,9.0,13.0,17.0,27.0,inferred
Surrey Heath,2020-10-30,3.0,9.0,13.0,18.0,29.0,inferred
Sutton,2020-08-01,0.0,0.0,0.0,2.0,5.0,inferred
Sutton,2020-08-02,0.0,0.0,1.0,2.0,5.0,inferred
Sutton,2020-08-03,0.0,0.0,1.0,2.0,5.0,inferred
Sutton,2020-08-04,0.0,0.0,0.0,2.0,5.0,inferred
Sutton,2020-08-05,0.0,0.0,0.0,2.0,5.0,inferred
Sutton,2020-08-06,0.0,0.0,1.0,1.0,5.0,inferred
Sutton,2020-08-07,0.0,0.0,0.0,1.0,5.0,inferred
Sutton,2020-08-08,0.0,0.0,0.0,2.0,5.0,inferred
Sutton,2020-08-09,0.0,0.0,1.0,2.0,5.0,inferred
Sutton,2020-08-10,0.0,0.0,1.0,2.0,5.0,inferred
Sutton,2020-08-11,0.0,0.0,1.0,2.0,6.0,inferred
Sutton,2020-08-12,0.0,0.0,1.0,2.0,6.0,inferred
Sutton,2020-08-13,0.0,0.0,1.0,2.0,6.0,inferred
Sutton,2020-08-14,0.0,0.0,1.0,3.0,7.0,inferred
Sutton,2020-08-15,0.0,0.0,1.0,3.0,7.0,inferred
Sutton,2020-08-16,0.0,1.0,2.0,3.0,7.0,inferred
Sutton,2020-08-17,0.0,1.0,2.0,3.0,7.0,inferred
Sutton,2020-08-18,0.0,1.0,2.0,4.0,8.0,inferred
Sutton,2020-08-19,0.0,1.0,2.0,4.0,9.0,inferred
Sutton,2020-08-20,0.0,1.0,2.0,4.0,8.0,inferred
Sutton,2020-08-21,0.0,1.0,2.0,4.0,8.0,inferred
Sutton,2020-08-22,0.0,1.0,2.0,4.0,9.0,inferred
Sutton,2020-08-23,0.0,1.0,2.0,4.0,8.0,inferred
Sutton,2020-08-24,0.0,1.0,2.0,4.0,8.0,inferred
Sutton,2020-08-25,0.0,1.0,2.0,4.0,8.0,inferred
Sutton,2020-08-26,0.0,1.0,2.0,4.0,8.0,inferred
Sutton,2020-08-27,0.0,1.0,2.0,4.0,8.0,inferred
Sutton,2020-08-28,0.0,1.0,2.0,4.0,9.0,inferred
Sutton,2020-08-29,0.0,1.0,3.0,5.0,10.0,inferred
Sutton,2020-08-30,0.0,1.0,3.0,5.0,10.0,inferred
Sutton,2020-08-31,0.0,2.0,3.0,5.0,10.0,inferred
Sutton,2020-09-01,0.0,2.0,3.0,5.0,11.0,inferred
Sutton,2020-09-02,0.0,2.0,3.0,5.0,11.0,inferred
Sutton,2020-09-03,0.0,2.0,3.0,5.0,11.0,inferred
Sutton,2020-09-04,0.0,2.0,3.0,5.0,11.0,inferred
Sutton,2020-09-05,0.0,2.0,3.0,5.0,11.0,inferred
Sutton,2020-09-06,0.0,1.0,3.0,5.0,10.0,inferred
Sutton,2020-09-07,0.0,1.0,3.0,5.0,10.0,inferred
Sutton,2020-09-08,0.0,1.0,3.0,5.0,10.0,inferred
Sutton,2020-09-09,0.0,1.0,3.0,5.0,10.0,inferred
Sutton,2020-09-10,0.0,1.0,3.0,5.0,10.0,inferred
Sutton,2020-09-11,0.0,2.0,3.0,5.0,10.0,inferred
Sutton,2020-09-12,0.0,2.0,3.0,5.0,11.0,inferred
Sutton,2020-09-13,0.0,2.0,3.0,6.0,11.0,inferred
Sutton,2020-09-14,0.0,2.0,4.0,6.0,11.0,inferred
Sutton,2020-09-15,0.0,2.0,4.0,6.0,12.0,inferred
Sutton,2020-09-16,0.0,3.0,4.0,6.0,12.0,inferred
Sutton,2020-09-17,0.0,3.0,5.0,7.0,13.0,inferred
Sutton,2020-09-18,1.0,3.0,5.0,8.0,14.0,inferred
Sutton,2020-09-19,1.0,4.0,6.0,8.0,15.0,inferred
Sutton,2020-09-20,1.0,4.0,6.0,9.0,15.0,inferred
Sutton,2020-09-21,1.0,4.0,7.0,9.0,16.0,inferred
Sutton,2020-09-22,1.0,4.0,7.0,10.0,17.0,inferred
Sutton,2020-09-23,1.0,4.0,7.0,9.0,17.0,inferred
Sutton,2020-09-24,1.0,4.0,6.0,9.0,16.0,inferred
Sutton,2020-09-25,1.0,5.0,7.0,10.0,17.0,inferred
Sutton,2020-09-26,2.0,5.0,8.0,11.0,18.0,inferred
Sutton,2020-09-27,2.0,5.0,8.0,11.0,18.0,inferred
Sutton,2020-09-28,2.0,6.0,9.0,12.0,20.0,inferred
Sutton,2020-09-29,3.0,7.0,10.0,13.0,22.0,inferred
Sutton,2020-09-30,3.0,8.0,11.0,15.0,23.0,inferred
Sutton,2020-10-01,4.0,9.0,12.0,16.0,25.0,inferred
Sutton,2020-10-02,5.0,10.0,14.0,17.0,26.0,inferred
Sutton,2020-10-03,5.0,11.0,14.0,18.0,27.0,inferred
Sutton,2020-10-04,6.0,12.0,15.0,19.0,28.0,inferred
Sutton,2020-10-05,7.0,13.0,16.0,21.0,31.0,inferred
Sutton,2020-10-06,8.0,14.0,18.0,23.0,33.0,inferred
Sutton,2020-10-07,9.0,16.0,19.0,24.0,34.0,inferred
Sutton,2020-10-08,10.0,17.0,21.0,26.0,36.0,inferred
Sutton,2020-10-09,11.0,18.0,22.0,27.0,38.0,inferred
Sutton,2020-10-10,11.0,18.0,23.0,28.0,39.0,inferred
Sutton,2020-10-11,12.0,19.0,23.0,29.0,41.0,inferred
Sutton,2020-10-12,12.0,20.0,25.0,30.0,43.0,inferred
Sutton,2020-10-13,13.0,21.0,26.0,31.0,46.0,inferred
Sutton,2020-10-14,13.0,21.0,27.0,33.0,46.0,inferred
Sutton,2020-10-15,13.0,22.0,27.0,33.0,47.0,inferred
Sutton,2020-10-16,14.0,23.0,28.0,34.0,46.0,inferred
Sutton,2020-10-17,15.0,24.0,29.0,35.0,47.0,inferred
Sutton,2020-10-18,16.0,25.0,30.0,36.0,48.0,inferred
Sutton,2020-10-19,17.0,26.0,31.0,37.0,50.0,inferred
Sutton,2020-10-20,17.0,26.0,32.0,38.0,51.0,inferred
Sutton,2020-10-21,17.0,26.0,32.0,38.0,51.0,inferred
Sutton,2020-10-22,17.0,27.0,32.0,38.0,52.0,inferred
Sutton,2020-10-23,18.0,27.0,32.0,38.0,51.0,inferred
Sutton,2020-10-24,18.0,27.0,33.0,38.0,52.0,inferred
Sutton,2020-10-25,18.0,27.0,33.0,38.0,52.0,inferred
Sutton,2020-10-26,18.0,27.0,32.0,39.0,52.0,inferred
Sutton,2020-10-27,17.0,27.0,32.0,39.0,52.0,inferred
Sutton,2020-10-28,18.0,28.0,34.0,41.0,55.0,inferred
Sutton,2020-10-29,19.0,28.0,35.0,42.0,56.0,inferred
Sutton,2020-10-30,16.0,29.0,36.0,44.0,59.0,inferred
Swindon,2020-08-01,5.0,11.0,14.0,18.0,27.0,inferred
Swindon,2020-08-02,6.0,11.0,14.0,18.0,27.0,inferred
Swindon,2020-08-03,6.0,11.0,15.0,19.0,28.0,inferred
Swindon,2020-08-04,6.0,12.0,16.0,20.0,29.0,inferred
Swindon,2020-08-05,6.0,12.0,16.0,20.0,28.0,inferred
Swindon,2020-08-06,7.0,12.0,16.0,20.0,29.0,inferred
Swindon,2020-08-07,6.0,11.0,15.0,19.0,27.0,inferred
Swindon,2020-08-08,5.0,11.0,14.0,18.0,27.0,inferred
Swindon,2020-08-09,5.0,10.0,14.0,18.0,26.0,inferred
Swindon,2020-08-10,5.0,10.0,13.0,17.0,26.0,inferred
Swindon,2020-08-11,5.0,10.0,13.0,17.0,25.0,inferred
Swindon,2020-08-12,5.0,10.0,13.0,17.0,25.0,inferred
Swindon,2020-08-13,5.0,10.0,13.0,17.0,25.0,inferred
Swindon,2020-08-14,5.0,10.0,13.0,17.0,26.0,inferred
Swindon,2020-08-15,5.0,10.0,13.0,17.0,26.0,inferred
Swindon,2020-08-16,4.0,9.0,13.0,17.0,25.0,inferred
Swindon,2020-08-17,4.0,9.0,13.0,16.0,25.0,inferred
Swindon,2020-08-18,4.0,9.0,12.0,16.0,24.0,inferred
Swindon,2020-08-19,4.0,8.0,11.0,15.0,23.0,inferred
Swindon,2020-08-20,3.0,7.0,11.0,14.0,22.0,inferred
Swindon,2020-08-21,3.0,7.0,10.0,13.0,21.0,inferred
Swindon,2020-08-22,2.0,6.0,9.0,12.0,20.0,inferred
Swindon,2020-08-23,2.0,5.0,8.0,12.0,19.0,inferred
Swindon,2020-08-24,2.0,5.0,8.0,11.0,18.0,inferred
Swindon,2020-08-25,1.0,5.0,7.0,10.0,18.0,inferred
Swindon,2020-08-26,1.0,5.0,7.0,10.0,17.0,inferred
Swindon,2020-08-27,1.0,4.0,7.0,9.0,16.0,inferred
Swindon,2020-08-28,1.0,4.0,6.0,9.0,16.0,inferred
Swindon,2020-08-29,1.0,4.0,6.0,8.0,15.0,inferred
Swindon,2020-08-30,1.0,3.0,6.0,8.0,14.0,inferred
Swindon,2020-08-31,1.0,3.0,6.0,8.0,15.0,inferred
Swindon,2020-09-01,1.0,4.0,6.0,8.0,15.0,inferred
Swindon,2020-09-02,1.0,3.0,5.0,8.0,14.0,inferred
Swindon,2020-09-03,1.0,3.0,5.0,8.0,14.0,inferred
Swindon,2020-09-04,0.0,3.0,5.0,7.0,13.0,inferred
Swindon,2020-09-05,0.0,2.0,4.0,7.0,13.0,inferred
Swindon,2020-09-06,0.0,2.0,4.0,6.0,12.0,inferred
Swindon,2020-09-07,0.0,2.0,4.0,6.0,12.0,inferred
Swindon,2020-09-08,0.0,2.0,4.0,6.0,11.0,inferred
Swindon,2020-09-09,0.0,2.0,3.0,5.0,11.0,inferred
Swindon,2020-09-10,0.0,2.0,3.0,5.0,10.0,inferred
Swindon,2020-09-11,0.0,2.0,3.0,5.0,10.0,inferred
Swindon,2020-09-12,0.0,1.0,3.0,5.0,10.0,inferred
Swindon,2020-09-13,0.0,1.0,3.0,5.0,10.0,inferred
Swindon,2020-09-14,0.0,1.0,3.0,4.0,9.0,inferred
Swindon,2020-09-15,0.0,1.0,3.0,5.0,9.0,inferred
Swindon,2020-09-16,0.0,1.0,3.0,5.0,10.0,inferred
Swindon,2020-09-17,0.0,2.0,3.0,5.0,10.0,inferred
Swindon,2020-09-18,0.0,2.0,4.0,6.0,11.0,inferred
Swindon,2020-09-19,0.0,2.0,4.0,6.0,12.0,inferred
Swindon,2020-09-20,0.0,2.0,4.0,7.0,13.0,inferred
Swindon,2020-09-21,0.0,3.0,5.0,7.0,12.0,inferred
Swindon,2020-09-22,1.0,3.0,5.0,7.0,13.0,inferred
Swindon,2020-09-23,1.0,3.0,5.0,7.0,13.0,inferred
Swindon,2020-09-24,1.0,3.0,5.0,8.0,14.0,inferred
Swindon,2020-09-25,1.0,3.0,5.0,8.0,14.0,inferred
Swindon,2020-09-26,1.0,3.0,6.0,8.0,14.0,inferred
Swindon,2020-09-27,1.0,4.0,6.0,9.0,15.0,inferred
Swindon,2020-09-28,1.0,4.0,6.0,9.0,16.0,inferred
Swindon,2020-09-29,1.0,4.0,7.0,10.0,17.0,inferred
Swindon,2020-09-30,1.0,5.0,8.0,11.0,18.0,inferred
Swindon,2020-10-01,2.0,6.0,8.0,12.0,19.0,inferred
Swindon,2020-10-02,2.0,7.0,10.0,13.0,21.0,inferred
Swindon,2020-10-03,3.0,7.0,11.0,14.0,22.0,inferred
Swindon,2020-10-04,3.0,8.0,11.0,15.0,23.0,inferred
Swindon,2020-10-05,4.0,9.0,12.0,16.0,24.0,inferred
Swindon,2020-10-06,5.0,9.0,12.0,16.0,25.0,inferred
Swindon,2020-10-07,5.0,10.0,14.0,18.0,26.0,inferred
Swindon,2020-10-08,5.0,10.0,13.0,18.0,27.0,inferred
Swindon,2020-10-09,5.0,10.0,14.0,19.0,28.0,inferred
Swindon,2020-10-10,5.0,10.0,14.0,19.0,29.0,inferred
Swindon,2020-10-11,5.0,11.0,15.0,20.0,30.0,inferred
Swindon,2020-10-12,6.0,12.0,16.0,20.0,31.0,inferred
Swindon,2020-10-13,6.0,13.0,17.0,22.0,32.0,inferred
Swindon,2020-10-14,8.0,14.0,19.0,24.0,35.0,inferred
Swindon,2020-10-15,8.0,16.0,20.0,26.0,37.0,inferred
Swindon,2020-10-16,10.0,17.0,22.0,28.0,40.0,inferred
Swindon,2020-10-17,12.0,19.0,24.0,30.0,44.0,inferred
Swindon,2020-10-18,14.0,22.0,27.0,33.0,47.0,inferred
Swindon,2020-10-19,15.0,24.0,30.0,35.0,48.0,inferred
Swindon,2020-10-20,17.0,26.0,32.0,38.0,50.0,inferred
Swindon,2020-10-21,19.0,28.0,34.0,40.0,53.0,inferred
Swindon,2020-10-22,20.0,30.0,36.0,42.0,57.0,inferred
Swindon,2020-10-23,22.0,32.0,38.0,45.0,59.0,inferred
Swindon,2020-10-24,23.0,35.0,41.0,48.0,63.0,inferred
Swindon,2020-10-25,25.0,37.0,44.0,52.0,67.0,inferred
Swindon,2020-10-26,27.0,41.0,49.0,57.0,72.0,inferred
Swindon,2020-10-27,28.0,43.0,52.0,60.0,76.0,inferred
Swindon,2020-10-28,28.0,48.0,56.0,65.0,82.0,inferred
Swindon,2020-10-29,30.0,51.0,60.0,70.0,90.0,inferred
Swindon,2020-10-30,30.0,53.0,65.0,78.0,101.0,inferred
Test Valley,2020-08-01,0.0,0.0,0.0,0.0,2.0,inferred
Test Valley,2020-08-02,0.0,0.0,0.0,0.0,2.0,inferred
Test Valley,2020-08-03,0.0,0.0,0.0,0.0,1.0,inferred
Test Valley,2020-08-04,0.0,0.0,0.0,0.0,2.0,inferred
Test Valley,2020-08-05,0.0,0.0,0.0,0.0,2.0,inferred
Test Valley,2020-08-06,0.0,0.0,0.0,0.0,3.0,inferred
Test Valley,2020-08-07,0.0,0.0,0.0,0.0,3.0,inferred
Test Valley,2020-08-08,0.0,0.0,0.0,1.0,3.0,inferred
Test Valley,2020-08-09,0.0,0.0,0.0,1.0,3.0,inferred
Test Valley,2020-08-10,0.0,0.0,0.0,1.0,4.0,inferred
Test Valley,2020-08-11,0.0,0.0,0.0,1.0,4.0,inferred
Test Valley,2020-08-12,0.0,0.0,0.0,1.0,4.0,inferred
Test Valley,2020-08-13,0.0,0.0,0.0,1.0,5.0,inferred
Test Valley,2020-08-14,0.0,0.0,0.0,1.0,5.0,inferred
Test Valley,2020-08-15,0.0,0.0,0.0,1.0,5.0,inferred
Test Valley,2020-08-16,0.0,0.0,1.0,2.0,5.0,inferred
Test Valley,2020-08-17,0.0,0.0,1.0,2.0,5.0,inferred
Test Valley,2020-08-18,0.0,0.0,1.0,2.0,5.0,inferred
Test Valley,2020-08-19,0.0,0.0,1.0,2.0,5.0,inferred
Test Valley,2020-08-20,0.0,0.0,1.0,2.0,5.0,inferred
Test Valley,2020-08-21,0.0,0.0,1.0,2.0,5.0,inferred
Test Valley,2020-08-22,0.0,0.0,1.0,2.0,5.0,inferred
Test Valley,2020-08-23,0.0,0.0,1.0,2.0,5.0,inferred
Test Valley,2020-08-24,0.0,0.0,1.0,2.0,6.0,inferred
Test Valley,2020-08-25,0.0,0.0,1.0,2.0,6.0,inferred
Test Valley,2020-08-26,0.0,0.0,1.0,2.0,6.0,inferred
Test Valley,2020-08-27,0.0,0.0,1.0,3.0,7.0,inferred
Test Valley,2020-08-28,0.0,1.0,2.0,3.0,7.0,inferred
Test Valley,2020-08-29,0.0,1.0,2.0,4.0,8.0,inferred
Test Valley,2020-08-30,0.0,1.0,2.0,4.0,8.0,inferred
Test Valley,2020-08-31,0.0,1.0,2.0,4.0,9.0,inferred
Test Valley,2020-09-01,0.0,1.0,3.0,4.0,10.0,inferred
Test Valley,2020-09-02,0.0,1.0,3.0,5.0,10.0,inferred
Test Valley,2020-09-03,0.0,1.0,3.0,5.0,10.0,inferred
Test Valley,2020-09-04,0.0,1.0,3.0,5.0,10.0,inferred
Test Valley,2020-09-05,0.0,1.0,3.0,5.0,10.0,inferred
Test Valley,2020-09-06,0.0,1.0,3.0,4.0,9.0,inferred
Test Valley,2020-09-07,0.0,1.0,2.0,4.0,9.0,inferred
Test Valley,2020-09-08,0.0,1.0,2.0,4.0,9.0,inferred
Test Valley,2020-09-09,0.0,1.0,2.0,4.0,8.0,inferred
Test Valley,2020-09-10,0.0,1.0,2.0,4.0,8.0,inferred
Test Valley,2020-09-11,0.0,1.0,2.0,4.0,8.0,inferred
Test Valley,2020-09-12,0.0,1.0,2.0,4.0,8.0,inferred
Test Valley,2020-09-13,0.0,1.0,2.0,4.0,9.0,inferred
Test Valley,2020-09-14,0.0,1.0,2.0,3.0,8.0,inferred
Test Valley,2020-09-15,0.0,1.0,2.0,3.0,8.0,inferred
Test Valley,2020-09-16,0.0,1.0,2.0,4.0,8.0,inferred
Test Valley,2020-09-17,0.0,1.0,2.0,4.0,9.0,inferred
Test Valley,2020-09-18,0.0,1.0,2.0,4.0,8.0,inferred
Test Valley,2020-09-19,0.0,1.0,2.0,4.0,9.0,inferred
Test Valley,2020-09-20,0.0,1.0,3.0,4.0,9.0,inferred
Test Valley,2020-09-21,0.0,1.0,3.0,4.0,9.0,inferred
Test Valley,2020-09-22,0.0,1.0,3.0,5.0,9.0,inferred
Test Valley,2020-09-23,0.0,1.0,3.0,5.0,10.0,inferred
Test Valley,2020-09-24,0.0,2.0,3.0,5.0,11.0,inferred
Test Valley,2020-09-25,0.0,2.0,4.0,6.0,12.0,inferred
Test Valley,2020-09-26,0.0,2.0,4.0,7.0,13.0,inferred
Test Valley,2020-09-27,0.0,3.0,5.0,8.0,14.0,inferred
Test Valley,2020-09-28,1.0,3.0,5.0,8.0,15.0,inferred
Test Valley,2020-09-29,1.0,4.0,6.0,9.0,16.0,inferred
Test Valley,2020-09-30,1.0,5.0,7.0,10.0,17.0,inferred
Test Valley,2020-10-01,2.0,5.0,8.0,11.0,18.0,inferred
Test Valley,2020-10-02,2.0,6.0,9.0,12.0,19.0,inferred
Test Valley,2020-10-03,3.0,7.0,10.0,13.0,20.0,inferred
Test Valley,2020-10-04,3.0,8.0,11.0,14.0,21.0,inferred
Test Valley,2020-10-05,4.0,9.0,12.0,15.0,23.0,inferred
Test Valley,2020-10-06,4.0,9.0,12.0,16.0,24.0,inferred
Test Valley,2020-10-07,4.0,9.0,13.0,17.0,25.0,inferred
Test Valley,2020-10-08,5.0,10.0,13.0,17.0,27.0,inferred
Test Valley,2020-10-09,5.0,10.0,13.0,17.0,26.0,inferred
Test Valley,2020-10-10,4.0,10.0,13.0,17.0,26.0,inferred
Test Valley,2020-10-11,5.0,10.0,13.0,17.0,25.0,inferred
Test Valley,2020-10-12,4.0,9.0,13.0,16.0,25.0,inferred
Test Valley,2020-10-13,4.0,9.0,12.0,16.0,24.0,inferred
Test Valley,2020-10-14,4.0,9.0,12.0,16.0,25.0,inferred
Test Valley,2020-10-15,4.0,9.0,12.0,16.0,25.0,inferred
Test Valley,2020-10-16,4.0,9.0,13.0,16.0,25.0,inferred
Test Valley,2020-10-17,5.0,10.0,13.0,17.0,25.0,inferred
Test Valley,2020-10-18,5.0,10.0,13.0,17.0,26.0,inferred
Test Valley,2020-10-19,5.0,10.0,14.0,18.0,27.0,inferred
Test Valley,2020-10-20,5.0,11.0,15.0,19.0,29.0,inferred
Test Valley,2020-10-21,5.0,11.0,15.0,19.0,29.0,inferred
Test Valley,2020-10-22,6.0,11.0,15.0,19.0,29.0,inferred
Test Valley,2020-10-23,6.0,12.0,16.0,20.0,29.0,inferred
Test Valley,2020-10-24,6.0,12.0,16.0,20.0,30.0,inferred
Test Valley,2020-10-25,6.0,12.0,16.0,20.0,30.0,inferred
Test Valley,2020-10-26,6.0,12.0,16.0,21.0,31.0,inferred
Test Valley,2020-10-27,7.0,13.0,17.0,21.0,30.0,inferred
Test Valley,2020-10-28,7.0,13.0,17.0,22.0,32.0,inferred
Test Valley,2020-10-29,7.0,13.0,18.0,22.0,33.0,inferred
Test Valley,2020-10-30,6.0,13.0,18.0,23.0,34.0,inferred
Tewkesbury,2020-08-01,0.0,0.0,0.0,0.0,2.0,inferred
Tewkesbury,2020-08-02,0.0,0.0,0.0,0.0,3.0,inferred
Tewkesbury,2020-08-03,0.0,0.0,0.0,1.0,4.0,inferred
Tewkesbury,2020-08-04,0.0,0.0,0.0,1.0,4.0,inferred
Tewkesbury,2020-08-05,0.0,0.0,0.0,1.0,5.0,inferred
Tewkesbury,2020-08-06,0.0,0.0,1.0,2.0,5.0,inferred
Tewkesbury,2020-08-07,0.0,0.0,0.0,1.0,5.0,inferred
Tewkesbury,2020-08-08,0.0,0.0,0.0,1.0,4.0,inferred
Tewkesbury,2020-08-09,0.0,0.0,0.0,1.0,4.0,inferred
Tewkesbury,2020-08-10,0.0,0.0,0.0,1.0,4.0,inferred
Tewkesbury,2020-08-11,0.0,0.0,0.0,1.0,4.0,inferred
Tewkesbury,2020-08-12,0.0,0.0,0.0,1.0,4.0,inferred
Tewkesbury,2020-08-13,0.0,0.0,0.0,1.0,4.0,inferred
Tewkesbury,2020-08-14,0.0,0.0,0.0,1.0,4.0,inferred
Tewkesbury,2020-08-15,0.0,0.0,0.0,1.0,4.0,inferred
Tewkesbury,2020-08-16,0.0,0.0,0.0,1.0,4.0,inferred
Tewkesbury,2020-08-17,0.0,0.0,0.0,1.0,4.0,inferred
Tewkesbury,2020-08-18,0.0,0.0,0.0,1.0,4.0,inferred
Tewkesbury,2020-08-19,0.0,0.0,0.0,1.0,4.0,inferred
Tewkesbury,2020-08-20,0.0,0.0,0.0,1.0,4.0,inferred
Tewkesbury,2020-08-21,0.0,0.0,0.0,1.0,4.0,inferred
Tewkesbury,2020-08-22,0.0,0.0,0.0,1.0,4.0,inferred
Tewkesbury,2020-08-23,0.0,0.0,0.0,1.0,4.0,inferred
Tewkesbury,2020-08-24,0.0,0.0,0.0,1.0,4.0,inferred
Tewkesbury,2020-08-25,0.0,0.0,0.0,1.0,4.0,inferred
Tewkesbury,2020-08-26,0.0,0.0,0.0,1.0,5.0,inferred
Tewkesbury,2020-08-27,0.0,0.0,0.0,2.0,5.0,inferred
Tewkesbury,2020-08-28,0.0,0.0,1.0,2.0,5.0,inferred
Tewkesbury,2020-08-29,0.0,0.0,1.0,2.0,6.0,inferred
Tewkesbury,2020-08-30,0.0,0.0,1.0,2.0,5.0,inferred
Tewkesbury,2020-08-31,0.0,0.0,1.0,2.0,5.0,inferred
Tewkesbury,2020-09-01,0.0,0.0,1.0,2.0,5.0,inferred
Tewkesbury,2020-09-02,0.0,0.0,0.0,2.0,5.0,inferred
Tewkesbury,2020-09-03,0.0,0.0,0.0,2.0,5.0,inferred
Tewkesbury,2020-09-04,0.0,0.0,1.0,2.0,5.0,inferred
Tewkesbury,2020-09-05,0.0,0.0,1.0,2.0,5.0,inferred
Tewkesbury,2020-09-06,0.0,0.0,1.0,2.0,5.0,inferred
Tewkesbury,2020-09-07,0.0,0.0,1.0,2.0,5.0,inferred
Tewkesbury,2020-09-08,0.0,0.0,1.0,2.0,5.0,inferred
Tewkesbury,2020-09-09,0.0,0.0,1.0,2.0,5.0,inferred
Tewkesbury,2020-09-10,0.0,0.0,1.0,2.0,5.0,inferred
Tewkesbury,2020-09-11,0.0,0.0,1.0,2.0,6.0,inferred
Tewkesbury,2020-09-12,0.0,0.0,1.0,2.0,5.0,inferred
Tewkesbury,2020-09-13,0.0,0.0,1.0,2.0,6.0,inferred
Tewkesbury,2020-09-14,0.0,0.0,1.0,2.0,5.0,inferred
Tewkesbury,2020-09-15,0.0,0.0,1.0,2.0,6.0,inferred
Tewkesbury,2020-09-16,0.0,0.0,1.0,2.0,6.0,inferred
Tewkesbury,2020-09-17,0.0,0.0,1.0,2.0,6.0,inferred
Tewkesbury,2020-09-18,0.0,0.0,1.0,2.0,7.0,inferred
Tewkesbury,2020-09-19,0.0,0.0,1.0,2.0,7.0,inferred
Tewkesbury,2020-09-20,0.0,0.0,1.0,3.0,7.0,inferred
Tewkesbury,2020-09-21,0.0,1.0,2.0,3.0,7.0,inferred
Tewkesbury,2020-09-22,0.0,1.0,2.0,3.0,8.0,inferred
Tewkesbury,2020-09-23,0.0,1.0,2.0,3.0,8.0,inferred
Tewkesbury,2020-09-24,0.0,1.0,2.0,4.0,9.0,inferred
Tewkesbury,2020-09-25,0.0,1.0,2.0,4.0,9.0,inferred
Tewkesbury,2020-09-26,0.0,1.0,3.0,4.0,9.0,inferred
Tewkesbury,2020-09-27,0.0,1.0,3.0,5.0,10.0,inferred
Tewkesbury,2020-09-28,0.0,2.0,3.0,5.0,10.0,inferred
Tewkesbury,2020-09-29,0.0,2.0,3.0,5.0,11.0,inferred
Tewkesbury,2020-09-30,0.0,2.0,3.0,6.0,11.0,inferred
Tewkesbury,2020-10-01,0.0,2.0,4.0,6.0,11.0,inferred
Tewkesbury,2020-10-02,0.0,2.0,4.0,6.0,12.0,inferred
Tewkesbury,2020-10-03,0.0,3.0,5.0,7.0,13.0,inferred
Tewkesbury,2020-10-04,1.0,3.0,5.0,8.0,14.0,inferred
Tewkesbury,2020-10-05,1.0,3.0,5.0,8.0,14.0,inferred
Tewkesbury,2020-10-06,1.0,3.0,5.0,8.0,14.0,inferred
Tewkesbury,2020-10-07,1.0,3.0,5.0,8.0,14.0,inferred
Tewkesbury,2020-10-08,1.0,4.0,6.0,8.0,15.0,inferred
Tewkesbury,2020-10-09,1.0,4.0,6.0,8.0,15.0,inferred
Tewkesbury,2020-10-10,1.0,4.0,6.0,9.0,15.0,inferred
Tewkesbury,2020-10-11,1.0,4.0,6.0,9.0,15.0,inferred
Tewkesbury,2020-10-12,1.0,4.0,6.0,9.0,16.0,inferred
Tewkesbury,2020-10-13,1.0,4.0,7.0,9.0,16.0,inferred
Tewkesbury,2020-10-14,1.0,4.0,7.0,10.0,16.0,inferred
Tewkesbury,2020-10-15,2.0,5.0,7.0,10.0,17.0,inferred
Tewkesbury,2020-10-16,2.0,5.0,7.0,10.0,17.0,inferred
Tewkesbury,2020-10-17,2.0,5.0,8.0,10.0,17.0,inferred
Tewkesbury,2020-10-18,2.0,5.0,8.0,11.0,18.0,inferred
Tewkesbury,2020-10-19,2.0,6.0,8.0,11.0,18.0,inferred
Tewkesbury,2020-10-20,2.0,6.0,9.0,12.0,19.0,inferred
Tewkesbury,2020-10-21,2.0,6.0,9.0,12.0,20.0,inferred
Tewkesbury,2020-10-22,2.0,6.0,9.0,13.0,20.0,inferred
Tewkesbury,2020-10-23,3.0,7.0,9.0,13.0,21.0,inferred
Tewkesbury,2020-10-24,3.0,7.0,9.0,13.0,21.0,inferred
Tewkesbury,2020-10-25,3.0,7.0,10.0,13.0,21.0,inferred
Tewkesbury,2020-10-26,3.0,7.0,10.0,13.0,21.0,inferred
Tewkesbury,2020-10-27,3.0,7.0,10.0,13.0,21.0,inferred
Tewkesbury,2020-10-28,3.0,7.0,10.0,14.0,22.0,inferred
Tewkesbury,2020-10-29,3.0,8.0,10.0,14.0,22.0,inferred
Tewkesbury,2020-10-30,3.0,8.0,11.0,15.0,22.0,inferred
Three Rivers,2020-08-01,0.0,0.0,0.0,1.0,5.0,inferred
Three Rivers,2020-08-02,0.0,0.0,0.0,1.0,4.0,inferred
Three Rivers,2020-08-03,0.0,0.0,0.0,1.0,5.0,inferred
Three Rivers,2020-08-04,0.0,0.0,0.0,1.0,4.0,inferred
Three Rivers,2020-08-05,0.0,0.0,0.0,1.0,4.0,inferred
Three Rivers,2020-08-06,0.0,0.0,0.0,1.0,4.0,inferred
Three Rivers,2020-08-07,0.0,0.0,0.0,1.0,4.0,inferred
Three Rivers,2020-08-08,0.0,0.0,0.0,1.0,4.0,inferred
Three Rivers,2020-08-09,0.0,0.0,0.0,1.0,4.0,inferred
Three Rivers,2020-08-10,0.0,0.0,0.0,1.0,5.0,inferred
Three Rivers,2020-08-11,0.0,0.0,0.0,1.0,5.0,inferred
Three Rivers,2020-08-12,0.0,0.0,1.0,2.0,5.0,inferred
Three Rivers,2020-08-13,0.0,0.0,1.0,2.0,6.0,inferred
Three Rivers,2020-08-14,0.0,0.0,1.0,2.0,5.0,inferred
Three Rivers,2020-08-15,0.0,0.0,1.0,2.0,6.0,inferred
Three Rivers,2020-08-16,0.0,0.0,1.0,2.0,6.0,inferred
Three Rivers,2020-08-17,0.0,0.0,1.0,2.0,6.0,inferred
Three Rivers,2020-08-18,0.0,0.0,1.0,2.0,7.0,inferred
Three Rivers,2020-08-19,0.0,0.0,1.0,2.0,7.0,inferred
Three Rivers,2020-08-20,0.0,0.0,1.0,3.0,7.0,inferred
Three Rivers,2020-08-21,0.0,0.0,1.0,3.0,7.0,inferred
Three Rivers,2020-08-22,0.0,0.0,1.0,3.0,7.0,inferred
Three Rivers,2020-08-23,0.0,0.0,1.0,3.0,7.0,inferred
Three Rivers,2020-08-24,0.0,0.0,1.0,3.0,7.0,inferred
Three Rivers,2020-08-25,0.0,0.0,1.0,3.0,7.0,inferred
Three Rivers,2020-08-26,0.0,0.0,1.0,2.0,6.0,inferred
Three Rivers,2020-08-27,0.0,0.0,1.0,3.0,7.0,inferred
Three Rivers,2020-08-28,0.0,0.0,1.0,3.0,7.0,inferred
Three Rivers,2020-08-29,0.0,0.0,1.0,3.0,7.0,inferred
Three Rivers,2020-08-30,0.0,0.0,2.0,3.0,7.0,inferred
Three Rivers,2020-08-31,0.0,1.0,2.0,3.0,7.0,inferred
Three Rivers,2020-09-01,0.0,1.0,2.0,3.0,8.0,inferred
Three Rivers,2020-09-02,0.0,1.0,2.0,3.0,8.0,inferred
Three Rivers,2020-09-03,0.0,1.0,2.0,3.0,8.0,inferred
Three Rivers,2020-09-04,0.0,1.0,2.0,3.2,8.0,inferred
Three Rivers,2020-09-05,0.0,1.0,2.0,4.0,8.0,inferred
Three Rivers,2020-09-06,0.0,1.0,2.0,4.0,9.0,inferred
Three Rivers,2020-09-07,0.0,1.0,2.0,4.0,8.0,inferred
Three Rivers,2020-09-08,0.0,1.0,2.0,4.0,9.0,inferred
Three Rivers,2020-09-09,0.0,1.0,2.0,4.0,8.0,inferred
Three Rivers,2020-09-10,0.0,1.0,2.0,4.0,8.0,inferred
Three Rivers,2020-09-11,0.0,1.0,2.0,4.0,8.0,inferred
Three Rivers,2020-09-12,0.0,1.0,2.0,4.0,8.0,inferred
Three Rivers,2020-09-13,0.0,1.0,2.0,4.0,8.0,inferred
Three Rivers,2020-09-14,0.0,1.0,2.0,4.0,9.0,inferred
Three Rivers,2020-09-15,0.0,1.0,2.0,4.0,8.0,inferred
Three Rivers,2020-09-16,0.0,1.0,2.0,4.0,9.0,inferred
Three Rivers,2020-09-17,0.0,1.0,3.0,5.0,10.0,inferred
Three Rivers,2020-09-18,0.0,2.0,3.0,5.0,10.0,inferred
Three Rivers,2020-09-19,0.0,2.0,4.0,6.0,12.0,inferred
Three Rivers,2020-09-20,0.0,3.0,4.0,7.0,12.0,inferred
Three Rivers,2020-09-21,0.0,3.0,5.0,7.0,13.0,inferred
Three Rivers,2020-09-22,1.0,3.0,5.0,8.0,14.0,inferred
Three Rivers,2020-09-23,1.0,3.0,6.0,8.0,14.0,inferred
Three Rivers,2020-09-24,1.0,4.0,6.0,9.0,16.0,inferred
Three Rivers,2020-09-25,1.0,4.0,7.0,9.0,17.0,inferred
Three Rivers,2020-09-26,1.0,4.0,7.0,10.0,17.0,inferred
Three Rivers,2020-09-27,1.0,5.0,7.0,10.0,17.0,inferred
Three Rivers,2020-09-28,2.0,5.0,8.0,11.0,18.0,inferred
Three Rivers,2020-09-29,2.0,5.0,8.0,11.0,19.0,inferred
Three Rivers,2020-09-30,2.0,6.0,8.0,12.0,20.0,inferred
Three Rivers,2020-10-01,2.0,6.0,9.0,13.0,20.0,inferred
Three Rivers,2020-10-02,2.0,7.0,10.0,13.0,21.0,inferred
Three Rivers,2020-10-03,3.0,8.0,11.0,14.0,23.0,inferred
Three Rivers,2020-10-04,4.0,9.0,12.0,16.0,25.0,inferred
Three Rivers,2020-10-05,5.0,10.0,13.0,17.0,26.0,inferred
Three Rivers,2020-10-06,5.0,10.0,14.0,18.0,28.0,inferred
Three Rivers,2020-10-07,5.0,11.0,14.0,19.0,29.0,inferred
Three Rivers,2020-10-08,5.0,11.0,15.0,19.0,29.0,inferred
Three Rivers,2020-10-09,5.0,11.0,15.0,19.0,30.0,inferred
Three Rivers,2020-10-10,5.0,11.0,15.0,19.0,28.0,inferred
Three Rivers,2020-10-11,6.0,11.0,15.0,19.0,29.0,inferred
Three Rivers,2020-10-12,5.0,11.0,15.0,19.0,28.0,inferred
Three Rivers,2020-10-13,6.0,11.0,15.0,19.0,29.0,inferred
Three Rivers,2020-10-14,5.0,11.0,15.0,19.0,28.0,inferred
Three Rivers,2020-10-15,6.0,11.0,15.0,19.0,29.0,inferred
Three Rivers,2020-10-16,6.0,12.0,15.0,20.0,29.0,inferred
Three Rivers,2020-10-17,6.0,12.0,16.0,21.0,30.0,inferred
Three Rivers,2020-10-18,6.0,12.0,16.0,20.0,31.0,inferred
Three Rivers,2020-10-19,6.0,12.0,16.0,21.0,31.0,inferred
Three Rivers,2020-10-20,6.0,12.0,16.0,21.0,31.0,inferred
Three Rivers,2020-10-21,6.0,12.0,16.0,21.0,31.0,inferred
Three Rivers,2020-10-22,6.0,12.0,16.0,20.0,29.0,inferred
Three Rivers,2020-10-23,6.0,12.0,15.0,19.0,28.0,inferred
Three Rivers,2020-10-24,6.0,11.0,15.0,19.0,28.0,inferred
Three Rivers,2020-10-25,6.0,11.0,15.0,19.0,28.0,inferred
Three Rivers,2020-10-26,6.0,11.0,15.0,19.0,28.0,inferred
Three Rivers,2020-10-27,6.0,11.0,15.0,19.0,29.0,inferred
Three Rivers,2020-10-28,6.0,11.0,15.0,20.0,30.0,inferred
Three Rivers,2020-10-29,6.0,12.0,16.0,20.0,29.0,inferred
Three Rivers,2020-10-30,6.0,12.0,16.0,20.0,30.0,inferred
Tower Hamlets,2020-08-01,0.0,1.0,3.0,4.0,9.0,inferred
Tower Hamlets,2020-08-02,0.0,1.0,2.0,4.0,9.0,inferred
Tower Hamlets,2020-08-03,0.0,1.0,2.0,4.0,9.0,inferred
Tower Hamlets,2020-08-04,0.0,1.0,2.0,4.0,9.0,inferred
Tower Hamlets,2020-08-05,0.0,1.0,2.0,4.0,9.0,inferred
Tower Hamlets,2020-08-06,0.0,1.0,2.0,4.0,9.0,inferred
Tower Hamlets,2020-08-07,0.0,1.0,2.0,4.0,9.0,inferred
Tower Hamlets,2020-08-08,0.0,1.0,2.0,4.0,9.0,inferred
Tower Hamlets,2020-08-09,0.0,1.0,2.0,4.0,9.0,inferred
Tower Hamlets,2020-08-10,0.0,1.0,2.0,4.0,9.0,inferred
Tower Hamlets,2020-08-11,0.0,1.0,2.0,4.0,9.0,inferred
Tower Hamlets,2020-08-12,0.0,1.0,3.0,5.0,10.0,inferred
Tower Hamlets,2020-08-13,0.0,2.0,3.0,5.0,10.0,inferred
Tower Hamlets,2020-08-14,0.0,2.0,3.0,5.0,11.0,inferred
Tower Hamlets,2020-08-15,0.0,2.0,4.0,6.0,11.0,inferred
Tower Hamlets,2020-08-16,0.0,2.0,4.0,6.0,12.0,inferred
Tower Hamlets,2020-08-17,0.0,2.0,4.0,6.0,12.0,inferred
Tower Hamlets,2020-08-18,0.0,3.0,5.0,7.0,13.0,inferred
Tower Hamlets,2020-08-19,0.0,3.0,5.0,7.0,14.0,inferred
Tower Hamlets,2020-08-20,1.0,3.0,5.0,8.0,14.0,inferred
Tower Hamlets,2020-08-21,1.0,4.0,6.0,8.0,14.0,inferred
Tower Hamlets,2020-08-22,1.0,4.0,6.0,9.0,15.0,inferred
Tower Hamlets,2020-08-23,1.0,4.0,6.0,9.0,16.0,inferred
Tower Hamlets,2020-08-24,1.0,4.0,7.0,10.0,17.0,inferred
Tower Hamlets,2020-08-25,1.0,4.0,7.0,10.0,16.0,inferred
Tower Hamlets,2020-08-26,1.0,4.0,7.0,10.0,17.0,inferred
Tower Hamlets,2020-08-27,1.0,4.0,7.0,10.0,17.0,inferred
Tower Hamlets,2020-08-28,2.0,5.0,7.0,10.0,17.0,inferred
Tower Hamlets,2020-08-29,2.0,5.0,8.0,11.0,19.0,inferred
Tower Hamlets,2020-08-30,3.0,6.0,9.0,13.0,20.0,inferred
Tower Hamlets,2020-08-31,3.0,7.8,10.0,14.0,22.0,inferred
Tower Hamlets,2020-09-01,3.0,8.0,11.0,15.0,23.0,inferred
Tower Hamlets,2020-09-02,4.0,9.0,12.0,15.0,24.0,inferred
Tower Hamlets,2020-09-03,4.0,9.0,13.0,16.0,25.0,inferred
Tower Hamlets,2020-09-04,5.0,10.0,13.0,17.0,25.0,inferred
Tower Hamlets,2020-09-05,5.0,10.0,13.0,17.0,26.0,inferred
Tower Hamlets,2020-09-06,5.0,10.0,13.0,17.0,27.0,inferred
Tower Hamlets,2020-09-07,5.0,10.0,13.0,17.0,26.0,inferred
Tower Hamlets,2020-09-08,5.0,10.0,13.0,17.0,26.0,inferred
Tower Hamlets,2020-09-09,5.0,10.0,13.0,17.0,26.0,inferred
Tower Hamlets,2020-09-10,5.0,9.0,12.0,16.0,25.0,inferred
Tower Hamlets,2020-09-11,4.0,9.0,12.0,15.0,24.0,inferred
Tower Hamlets,2020-09-12,4.0,8.0,12.0,15.0,24.0,inferred
Tower Hamlets,2020-09-13,3.0,8.0,11.0,15.0,24.0,inferred
Tower Hamlets,2020-09-14,3.0,8.0,11.0,15.0,24.0,inferred
Tower Hamlets,2020-09-15,4.0,9.0,13.0,17.0,26.0,inferred
Tower Hamlets,2020-09-16,5.0,11.0,14.0,18.0,28.0,inferred
Tower Hamlets,2020-09-17,6.0,12.0,16.0,20.0,30.0,inferred
Tower Hamlets,2020-09-18,7.0,13.0,17.0,22.0,32.0,inferred
Tower Hamlets,2020-09-19,8.0,15.0,19.0,24.0,34.0,inferred
Tower Hamlets,2020-09-20,9.0,16.0,20.0,25.0,35.0,inferred
Tower Hamlets,2020-09-21,10.0,18.0,22.0,27.0,38.0,inferred
Tower Hamlets,2020-09-22,12.0,19.0,24.0,29.0,40.0,inferred
Tower Hamlets,2020-09-23,13.0,20.0,25.0,30.0,43.0,inferred
Tower Hamlets,2020-09-24,14.0,22.0,27.0,32.0,45.0,inferred
Tower Hamlets,2020-09-25,14.0,22.0,28.0,33.0,46.0,inferred
Tower Hamlets,2020-09-26,15.0,24.0,29.0,35.0,49.0,inferred
Tower Hamlets,2020-09-27,16.0,25.0,31.0,37.0,49.0,inferred
Tower Hamlets,2020-09-28,17.0,27.0,33.0,39.0,51.0,inferred
Tower Hamlets,2020-09-29,18.0,28.0,34.0,41.0,54.0,inferred
Tower Hamlets,2020-09-30,20.0,30.0,36.0,43.0,56.0,inferred
Tower Hamlets,2020-10-01,20.0,31.0,37.0,44.0,57.0,inferred
Tower Hamlets,2020-10-02,21.0,32.0,39.0,46.0,59.0,inferred
Tower Hamlets,2020-10-03,21.0,33.0,40.0,47.0,62.0,inferred
Tower Hamlets,2020-10-04,24.0,34.0,41.0,48.0,64.0,inferred
Tower Hamlets,2020-10-05,25.0,36.0,42.0,50.0,66.0,inferred
Tower Hamlets,2020-10-06,25.0,37.0,44.0,51.0,70.0,inferred
Tower Hamlets,2020-10-07,26.0,38.0,45.0,54.0,70.0,inferred
Tower Hamlets,2020-10-08,28.0,39.0,47.0,55.0,72.0,inferred
Tower Hamlets,2020-10-09,29.0,42.0,49.0,57.0,72.0,inferred
Tower Hamlets,2020-10-10,32.0,43.0,51.0,59.0,75.0,inferred
Tower Hamlets,2020-10-11,32.0,45.0,52.0,61.0,77.0,inferred
Tower Hamlets,2020-10-12,34.0,47.0,55.0,63.0,79.0,inferred
Tower Hamlets,2020-10-13,36.0,50.0,58.0,66.0,83.0,inferred
Tower Hamlets,2020-10-14,39.0,52.0,61.0,69.0,86.0,inferred
Tower Hamlets,2020-10-15,41.0,55.0,64.0,72.0,89.0,inferred
Tower Hamlets,2020-10-16,44.0,58.0,67.0,76.0,93.0,inferred
Tower Hamlets,2020-10-17,44.0,59.8,68.0,77.0,94.0,inferred
Tower Hamlets,2020-10-18,46.0,62.0,70.0,79.0,98.0,inferred
Tower Hamlets,2020-10-19,48.0,63.0,72.0,82.0,101.0,inferred
Tower Hamlets,2020-10-20,50.0,65.0,74.0,84.0,103.0,inferred
Tower Hamlets,2020-10-21,52.0,67.0,76.0,85.0,103.0,inferred
Tower Hamlets,2020-10-22,53.0,68.0,77.0,86.0,105.0,inferred
Tower Hamlets,2020-10-23,53.0,69.0,78.0,87.0,108.0,inferred
Tower Hamlets,2020-10-24,55.0,69.0,79.0,88.0,109.0,inferred
Tower Hamlets,2020-10-25,55.0,70.0,80.0,90.0,108.0,inferred
Tower Hamlets,2020-10-26,57.0,73.0,82.0,91.0,110.0,inferred
Tower Hamlets,2020-10-27,59.0,74.0,83.0,93.0,112.0,inferred
Tower Hamlets,2020-10-28,58.0,75.0,85.0,95.0,113.0,inferred
Tower Hamlets,2020-10-29,59.0,77.0,87.0,97.0,120.0,inferred
Tower Hamlets,2020-10-30,60.0,79.8,91.0,102.0,125.0,inferred
Vale of White Horse,2020-08-01,0.0,0.0,1.0,2.0,5.0,inferred
Vale of White Horse,2020-08-02,0.0,0.0,1.0,2.0,6.0,inferred
Vale of White Horse,2020-08-03,0.0,0.0,1.0,2.0,6.0,inferred
Vale of White Horse,2020-08-04,0.0,0.0,1.0,2.0,6.0,inferred
Vale of White Horse,2020-08-05,0.0,0.0,1.0,2.0,6.0,inferred
Vale of White Horse,2020-08-06,0.0,0.0,1.0,2.0,6.0,inferred
Vale of White Horse,2020-08-07,0.0,0.0,1.0,2.0,6.0,inferred
Vale of White Horse,2020-08-08,0.0,0.0,1.0,2.0,6.0,inferred
Vale of White Horse,2020-08-09,0.0,0.0,1.0,2.0,6.0,inferred
Vale of White Horse,2020-08-10,0.0,0.0,1.0,2.0,6.0,inferred
Vale of White Horse,2020-08-11,0.0,0.0,1.0,3.0,6.0,inferred
Vale of White Horse,2020-08-12,0.0,0.0,1.0,2.0,6.0,inferred
Vale of White Horse,2020-08-13,0.0,0.0,1.0,3.0,7.0,inferred
Vale of White Horse,2020-08-14,0.0,0.0,1.0,3.0,7.0,inferred
Vale of White Horse,2020-08-15,0.0,1.0,1.0,3.0,7.0,inferred
Vale of White Horse,2020-08-16,0.0,0.0,1.0,3.0,7.0,inferred
Vale of White Horse,2020-08-17,0.0,0.0,1.0,3.0,7.0,inferred
Vale of White Horse,2020-08-18,0.0,1.0,2.0,3.0,7.0,inferred
Vale of White Horse,2020-08-19,0.0,1.0,2.0,3.0,7.0,inferred
Vale of White Horse,2020-08-20,0.0,1.0,2.0,3.0,8.0,inferred
Vale of White Horse,2020-08-21,0.0,1.0,2.0,3.0,8.0,inferred
Vale of White Horse,2020-08-22,0.0,1.0,2.0,3.0,8.0,inferred
Vale of White Horse,2020-08-23,0.0,1.0,2.0,3.0,8.0,inferred
Vale of White Horse,2020-08-24,0.0,1.0,2.0,3.0,8.0,inferred
Vale of White Horse,2020-08-25,0.0,1.0,2.0,4.0,8.0,inferred
Vale of White Horse,2020-08-26,0.0,1.0,2.0,4.0,9.0,inferred
Vale of White Horse,2020-08-27,0.0,1.0,2.0,4.0,9.0,inferred
Vale of White Horse,2020-08-28,0.0,1.0,2.0,4.0,9.0,inferred
Vale of White Horse,2020-08-29,0.0,1.0,2.0,4.0,8.0,inferred
Vale of White Horse,2020-08-30,0.0,1.0,2.0,4.0,8.0,inferred
Vale of White Horse,2020-08-31,0.0,1.0,2.0,3.0,8.0,inferred
Vale of White Horse,2020-09-01,0.0,1.0,2.0,4.0,8.0,inferred
Vale of White Horse,2020-09-02,0.0,1.0,2.0,4.0,8.0,inferred
Vale of White Horse,2020-09-03,0.0,1.0,2.0,4.0,8.0,inferred
Vale of White Horse,2020-09-04,0.0,1.0,2.0,3.0,8.0,inferred
Vale of White Horse,2020-09-05,0.0,1.0,2.0,3.0,7.0,inferred
Vale of White Horse,2020-09-06,0.0,1.0,2.0,3.0,7.0,inferred
Vale of White Horse,2020-09-07,0.0,1.0,1.0,3.0,8.0,inferred
Vale of White Horse,2020-09-08,0.0,1.0,2.0,3.0,7.0,inferred
Vale of White Horse,2020-09-09,0.0,1.0,2.0,3.0,7.0,inferred
Vale of White Horse,2020-09-10,0.0,1.0,1.0,3.0,7.0,inferred
Vale of White Horse,2020-09-11,0.0,1.0,2.0,3.0,7.0,inferred
Vale of White Horse,2020-09-12,0.0,0.0,1.0,3.0,8.0,inferred
Vale of White Horse,2020-09-13,0.0,0.0,1.0,3.0,7.0,inferred
Vale of White Horse,2020-09-14,0.0,0.0,2.0,3.0,7.0,inferred
Vale of White Horse,2020-09-15,0.0,1.0,2.0,3.0,8.0,inferred
Vale of White Horse,2020-09-16,0.0,1.0,2.0,3.0,8.0,inferred
Vale of White Horse,2020-09-17,0.0,1.0,2.0,4.0,9.0,inferred
Vale of White Horse,2020-09-18,0.0,1.0,2.0,4.0,9.0,inferred
Vale of White Horse,2020-09-19,0.0,1.0,3.0,4.0,9.0,inferred
Vale of White Horse,2020-09-20,0.0,1.0,3.0,5.0,10.0,inferred
Vale of White Horse,2020-09-21,0.0,1.0,3.0,5.0,10.0,inferred
Vale of White Horse,2020-09-22,0.0,1.0,3.0,5.0,10.0,inferred
Vale of White Horse,2020-09-23,0.0,2.0,3.0,5.0,10.0,inferred
Vale of White Horse,2020-09-24,0.0,2.0,3.0,6.0,11.0,inferred
Vale of White Horse,2020-09-25,0.0,2.0,4.0,6.0,12.0,inferred
Vale of White Horse,2020-09-26,0.0,2.0,4.0,7.0,13.0,inferred
Vale of White Horse,2020-09-27,0.0,3.0,5.0,8.0,14.0,inferred
Vale of White Horse,2020-09-28,1.0,4.0,6.0,9.0,15.0,inferred
Vale of White Horse,2020-09-29,1.0,4.0,7.0,10.0,17.0,inferred
Vale of White Horse,2020-09-30,2.0,5.0,8.0,11.0,18.0,inferred
Vale of White Horse,2020-10-01,2.0,6.0,9.0,12.0,20.0,inferred
Vale of White Horse,2020-10-02,2.0,6.0,9.0,12.0,20.0,inferred
Vale of White Horse,2020-10-03,3.0,7.0,10.0,13.0,21.0,inferred
Vale of White Horse,2020-10-04,3.0,7.0,10.0,14.0,22.0,inferred
Vale of White Horse,2020-10-05,3.0,8.0,11.0,14.0,22.0,inferred
Vale of White Horse,2020-10-06,4.0,8.0,11.0,15.0,23.0,inferred
Vale of White Horse,2020-10-07,4.0,9.0,12.0,16.0,25.0,inferred
Vale of White Horse,2020-10-08,4.0,9.0,12.0,16.0,25.0,inferred
Vale of White Horse,2020-10-09,4.0,9.0,13.0,17.0,26.0,inferred
Vale of White Horse,2020-10-10,4.0,9.0,12.0,16.0,25.0,inferred
Vale of White Horse,2020-10-11,4.0,9.8,13.0,17.0,25.0,inferred
Vale of White Horse,2020-10-12,5.0,10.0,14.0,18.0,27.0,inferred
Vale of White Horse,2020-10-13,5.0,11.0,14.0,18.0,27.0,inferred
Vale of White Horse,2020-10-14,6.0,12.0,15.0,19.0,29.0,inferred
Vale of White Horse,2020-10-15,6.0,12.0,15.0,20.0,29.0,inferred
Vale of White Horse,2020-10-16,6.0,12.0,16.0,20.0,31.0,inferred
Vale of White Horse,2020-10-17,6.0,12.0,16.0,20.0,30.0,inferred
Vale of White Horse,2020-10-18,7.0,13.0,16.0,21.0,31.0,inferred
Vale of White Horse,2020-10-19,7.0,13.0,17.0,21.0,31.0,inferred
Vale of White Horse,2020-10-20,7.0,13.0,17.0,22.0,32.0,inferred
Vale of White Horse,2020-10-21,7.0,13.0,17.0,22.0,32.0,inferred
Vale of White Horse,2020-10-22,7.0,13.0,17.0,21.0,31.0,inferred
Vale of White Horse,2020-10-23,6.0,12.0,16.0,21.0,31.0,inferred
Vale of White Horse,2020-10-24,6.0,12.0,16.0,20.0,30.0,inferred
Vale of White Horse,2020-10-25,6.0,12.0,16.0,21.0,30.0,inferred
Vale of White Horse,2020-10-26,7.0,13.0,16.0,21.0,32.0,inferred
Vale of White Horse,2020-10-27,6.0,13.0,17.0,22.0,33.0,inferred
Vale of White Horse,2020-10-28,7.0,13.0,18.0,23.0,34.0,inferred
Vale of White Horse,2020-10-29,7.0,13.0,18.0,24.0,36.0,inferred
Vale of White Horse,2020-10-30,6.0,13.0,18.0,24.0,36.0,inferred
Waltham Forest,2020-08-01,0.0,0.0,1.0,2.0,6.0,inferred
Waltham Forest,2020-08-02,0.0,1.0,2.0,3.0,7.0,inferred
Waltham Forest,2020-08-03,0.0,1.0,2.0,4.0,8.0,inferred
Waltham Forest,2020-08-04,0.0,1.0,3.0,4.0,9.0,inferred
Waltham Forest,2020-08-05,0.0,1.0,3.0,5.0,10.0,inferred
Waltham Forest,2020-08-06,0.0,1.0,3.0,5.0,10.0,inferred
Waltham Forest,2020-08-07,0.0,1.0,3.0,5.0,10.0,inferred
Waltham Forest,2020-08-08,0.0,2.0,3.0,5.0,10.0,inferred
Waltham Forest,2020-08-09,0.0,2.0,3.0,5.0,11.0,inferred
Waltham Forest,2020-08-10,0.0,2.0,4.0,6.0,11.0,inferred
Waltham Forest,2020-08-11,0.0,2.0,4.0,6.0,12.0,inferred
Waltham Forest,2020-08-12,0.0,2.0,4.0,7.0,12.0,inferred
Waltham Forest,2020-08-13,0.0,2.0,4.0,7.0,13.0,inferred
Waltham Forest,2020-08-14,0.0,2.0,4.0,7.0,12.0,inferred
Waltham Forest,2020-08-15,0.0,2.0,4.0,7.0,12.0,inferred
Waltham Forest,2020-08-16,0.0,3.0,4.0,7.0,12.0,inferred
Waltham Forest,2020-08-17,0.0,3.0,4.0,7.0,13.0,inferred
Waltham Forest,2020-08-18,0.0,3.0,5.0,7.0,13.0,inferred
Waltham Forest,2020-08-19,0.0,3.0,4.0,7.0,13.0,inferred
Waltham Forest,2020-08-20,0.0,3.0,4.0,7.0,13.0,inferred
Waltham Forest,2020-08-21,0.0,3.0,4.0,7.0,12.0,inferred
Waltham Forest,2020-08-22,0.0,2.0,4.0,7.0,12.0,inferred
Waltham Forest,2020-08-23,0.0,3.0,5.0,7.0,13.0,inferred
Waltham Forest,2020-08-24,1.0,3.0,5.0,7.0,13.0,inferred
Waltham Forest,2020-08-25,1.0,3.0,5.0,8.0,14.0,inferred
Waltham Forest,2020-08-26,1.0,3.0,5.0,8.0,15.0,inferred
Waltham Forest,2020-08-27,1.0,3.0,5.0,8.0,14.0,inferred
Waltham Forest,2020-08-28,1.0,3.0,5.0,8.0,14.0,inferred
Waltham Forest,2020-08-29,0.0,3.0,5.0,7.0,14.0,inferred
Waltham Forest,2020-08-30,1.0,3.0,5.0,8.0,14.0,inferred
Waltham Forest,2020-08-31,1.0,3.0,5.0,8.0,14.0,inferred
Waltham Forest,2020-09-01,1.0,4.0,6.0,9.0,14.0,inferred
Waltham Forest,2020-09-02,1.0,4.0,6.0,9.0,16.0,inferred
Waltham Forest,2020-09-03,1.0,4.0,7.0,9.0,16.0,inferred
Waltham Forest,2020-09-04,1.0,4.0,7.0,10.0,16.0,inferred
Waltham Forest,2020-09-05,2.0,5.0,7.0,10.0,17.0,inferred
Waltham Forest,2020-09-06,2.0,5.0,7.0,10.0,17.0,inferred
Waltham Forest,2020-09-07,2.0,5.0,8.0,11.0,17.0,inferred
Waltham Forest,2020-09-08,2.0,6.0,8.0,11.0,18.0,inferred
Waltham Forest,2020-09-09,2.0,6.0,9.0,12.0,19.0,inferred
Waltham Forest,2020-09-10,3.0,7.0,10.0,13.0,21.0,inferred
Waltham Forest,2020-09-11,3.0,7.0,10.0,14.0,21.0,inferred
Waltham Forest,2020-09-12,3.0,8.0,11.0,14.0,22.0,inferred
Waltham Forest,2020-09-13,4.0,8.0,11.0,14.0,23.0,inferred
Waltham Forest,2020-09-14,4.0,8.0,11.0,15.0,24.0,inferred
Waltham Forest,2020-09-15,4.0,8.0,12.0,15.0,24.0,inferred
Waltham Forest,2020-09-16,4.0,9.0,12.0,16.0,25.0,inferred
Waltham Forest,2020-09-17,4.0,9.0,13.0,16.0,25.0,inferred
Waltham Forest,2020-09-18,5.0,10.0,13.0,17.0,26.0,inferred
Waltham Forest,2020-09-19,5.0,10.0,14.0,18.0,27.0,inferred
Waltham Forest,2020-09-20,5.0,11.0,14.0,18.0,27.0,inferred
Waltham Forest,2020-09-21,6.0,12.0,15.0,19.0,28.0,inferred
Waltham Forest,2020-09-22,7.0,13.0,17.0,21.0,31.0,inferred
Waltham Forest,2020-09-23,8.0,14.0,18.0,23.0,32.0,inferred
Waltham Forest,2020-09-24,9.0,15.0,19.0,23.0,34.0,inferred
Waltham Forest,2020-09-25,9.0,15.0,19.0,24.0,35.0,inferred
Waltham Forest,2020-09-26,9.0,16.0,20.0,25.0,35.0,inferred
Waltham Forest,2020-09-27,10.0,17.0,21.0,26.0,37.0,inferred
Waltham Forest,2020-09-28,11.0,18.0,23.0,28.0,39.0,inferred
Waltham Forest,2020-09-29,12.0,20.0,24.0,30.0,41.0,inferred
Waltham Forest,2020-09-30,14.0,21.0,26.0,32.0,43.0,inferred
Waltham Forest,2020-10-01,14.0,23.0,28.0,33.0,46.0,inferred
Waltham Forest,2020-10-02,16.0,24.0,29.0,35.0,48.0,inferred
Waltham Forest,2020-10-03,16.0,25.0,31.0,37.0,49.0,inferred
Waltham Forest,2020-10-04,17.0,27.0,32.0,38.0,53.0,inferred
Waltham Forest,2020-10-05,19.0,28.0,34.0,40.0,54.0,inferred
Waltham Forest,2020-10-06,20.0,29.0,35.0,41.0,55.0,inferred
Waltham Forest,2020-10-07,21.0,30.0,36.0,43.0,57.0,inferred
Waltham Forest,2020-10-08,21.0,31.0,37.0,43.0,58.0,inferred
Waltham Forest,2020-10-09,22.0,32.0,38.0,44.0,57.0,inferred
Waltham Forest,2020-10-10,23.0,33.0,39.0,45.0,60.0,inferred
Waltham Forest,2020-10-11,23.0,33.0,39.0,46.0,60.0,inferred
Waltham Forest,2020-10-12,23.0,34.0,41.0,47.0,62.0,inferred
Waltham Forest,2020-10-13,24.0,35.0,41.0,48.0,62.0,inferred
Waltham Forest,2020-10-14,25.0,36.0,43.0,50.0,63.0,inferred
Waltham Forest,2020-10-15,27.0,38.0,44.0,51.0,67.0,inferred
Waltham Forest,2020-10-16,28.0,40.0,47.0,54.0,69.0,inferred
Waltham Forest,2020-10-17,31.0,42.0,49.0,57.0,72.0,inferred
Waltham Forest,2020-10-18,33.0,44.0,51.0,59.0,76.0,inferred
Waltham Forest,2020-10-19,34.0,47.0,54.0,62.0,79.0,inferred
Waltham Forest,2020-10-20,36.0,49.0,56.5,64.0,81.0,inferred
Waltham Forest,2020-10-21,38.0,51.0,59.0,67.0,83.0,inferred
Waltham Forest,2020-10-22,39.0,53.0,60.0,69.0,84.0,inferred
Waltham Forest,2020-10-23,40.0,53.0,61.0,69.0,86.0,inferred
Waltham Forest,2020-10-24,41.0,55.0,63.0,72.0,89.0,inferred
Waltham Forest,2020-10-25,43.0,56.0,65.0,73.0,94.0,inferred
Waltham Forest,2020-10-26,44.0,59.0,67.0,77.0,99.0,inferred
Waltham Forest,2020-10-27,46.0,61.0,70.0,80.0,105.0,inferred
Waltham Forest,2020-10-28,48.0,64.0,73.0,83.0,110.0,inferred
Waltham Forest,2020-10-29,49.0,65.0,74.0,86.0,116.0,inferred
Waltham Forest,2020-10-30,50.0,67.0,77.0,88.0,117.0,inferred
Wandsworth,2020-08-01,0.0,2.0,4.0,6.0,12.0,inferred
Wandsworth,2020-08-02,0.0,3.0,5.0,7.0,13.0,inferred
Wandsworth,2020-08-03,1.0,3.0,5.0,7.0,13.0,inferred
Wandsworth,2020-08-04,0.0,3.0,5.0,7.0,13.0,inferred
Wandsworth,2020-08-05,0.0,3.0,4.0,7.0,12.0,inferred
Wandsworth,2020-08-06,0.0,2.0,4.0,6.0,12.0,inferred
Wandsworth,2020-08-07,0.0,2.0,4.0,6.0,12.0,inferred
Wandsworth,2020-08-08,0.0,2.0,4.0,6.0,12.0,inferred
Wandsworth,2020-08-09,0.0,2.0,4.0,6.0,12.0,inferred
Wandsworth,2020-08-10,0.0,2.0,4.0,6.0,13.0,inferred
Wandsworth,2020-08-11,0.0,3.0,4.0,7.0,13.0,inferred
Wandsworth,2020-08-12,0.0,3.0,5.0,7.0,13.0,inferred
Wandsworth,2020-08-13,1.0,3.0,5.0,7.0,14.0,inferred
Wandsworth,2020-08-14,1.0,3.0,5.0,8.0,14.0,inferred
Wandsworth,2020-08-15,1.0,3.0,5.0,8.0,14.0,inferred
Wandsworth,2020-08-16,1.0,3.0,6.0,8.0,15.0,inferred
Wandsworth,2020-08-17,1.0,4.0,6.0,9.0,15.0,inferred
Wandsworth,2020-08-18,1.0,5.0,7.0,10.0,17.0,inferred
Wandsworth,2020-08-19,2.0,5.0,8.0,11.0,18.0,inferred
Wandsworth,2020-08-20,2.0,5.0,8.0,11.0,19.0,inferred
Wandsworth,2020-08-21,2.0,6.0,8.0,11.0,19.0,inferred
Wandsworth,2020-08-22,2.0,6.0,8.0,12.0,20.0,inferred
Wandsworth,2020-08-23,2.0,5.0,8.0,12.0,20.0,inferred
Wandsworth,2020-08-24,2.0,6.0,9.0,12.0,20.0,inferred
Wandsworth,2020-08-25,2.0,6.0,9.0,12.0,20.0,inferred
Wandsworth,2020-08-26,3.0,7.0,9.0,13.0,21.0,inferred
Wandsworth,2020-08-27,3.0,7.0,10.0,13.0,21.0,inferred
Wandsworth,2020-08-28,3.0,7.0,10.0,13.0,21.0,inferred
Wandsworth,2020-08-29,3.0,7.0,10.0,13.0,22.0,inferred
Wandsworth,2020-08-30,3.0,7.0,10.0,14.0,22.0,inferred
Wandsworth,2020-08-31,3.0,8.0,11.0,14.0,23.0,inferred
Wandsworth,2020-09-01,3.0,8.0,11.0,15.0,23.0,inferred
Wandsworth,2020-09-02,4.0,9.0,12.0,15.0,24.0,inferred
Wandsworth,2020-09-03,4.0,9.0,12.0,16.0,24.0,inferred
Wandsworth,2020-09-04,4.0,9.0,12.0,16.0,24.0,inferred
Wandsworth,2020-09-05,4.0,9.0,12.0,16.0,25.0,inferred
Wandsworth,2020-09-06,4.0,9.0,13.0,16.0,25.0,inferred
Wandsworth,2020-09-07,4.0,9.0,12.0,16.0,25.0,inferred
Wandsworth,2020-09-08,4.0,9.0,12.0,16.0,24.0,inferred
Wandsworth,2020-09-09,4.0,9.0,12.0,15.0,24.0,inferred
Wandsworth,2020-09-10,4.0,8.0,11.0,15.0,24.0,inferred
Wandsworth,2020-09-11,3.0,8.0,11.0,14.0,23.0,inferred
Wandsworth,2020-09-12,2.0,7.0,10.0,14.0,22.0,inferred
Wandsworth,2020-09-13,2.0,6.0,9.0,13.0,21.0,inferred
Wandsworth,2020-09-14,2.0,6.0,9.0,12.0,20.0,inferred
Wandsworth,2020-09-15,3.0,6.0,9.0,13.0,20.0,inferred
Wandsworth,2020-09-16,3.0,7.0,9.0,13.0,21.0,inferred
Wandsworth,2020-09-17,3.0,7.0,10.0,14.0,22.0,inferred
Wandsworth,2020-09-18,3.0,8.0,11.0,15.0,24.0,inferred
Wandsworth,2020-09-19,4.0,9.0,13.0,17.0,25.0,inferred
Wandsworth,2020-09-20,5.0,11.0,14.0,18.0,27.0,inferred
Wandsworth,2020-09-21,6.0,12.0,16.0,20.0,28.0,inferred
Wandsworth,2020-09-22,7.0,13.0,17.0,21.0,31.0,inferred
Wandsworth,2020-09-23,7.0,13.0,18.0,22.0,31.0,inferred
Wandsworth,2020-09-24,8.0,15.0,19.0,23.0,33.0,inferred
Wandsworth,2020-09-25,9.0,16.0,20.0,24.0,35.0,inferred
Wandsworth,2020-09-26,9.0,16.0,21.0,25.0,35.0,inferred
Wandsworth,2020-09-27,11.0,18.0,23.0,28.0,39.0,inferred
Wandsworth,2020-09-28,12.0,20.0,25.0,30.0,42.0,inferred
Wandsworth,2020-09-29,13.0,21.0,27.0,33.0,46.0,inferred
Wandsworth,2020-09-30,15.0,24.0,30.0,36.0,50.0,inferred
Wandsworth,2020-10-01,16.0,27.0,33.0,40.0,54.0,inferred
Wandsworth,2020-10-02,19.0,29.0,35.0,42.0,56.0,inferred
Wandsworth,2020-10-03,20.0,31.0,37.0,44.0,58.0,inferred
Wandsworth,2020-10-04,22.0,33.0,39.0,47.0,61.0,inferred
Wandsworth,2020-10-05,24.0,34.0,41.0,49.0,64.0,inferred
Wandsworth,2020-10-06,25.0,37.0,44.0,52.0,69.0,inferred
Wandsworth,2020-10-07,27.0,39.0,46.5,54.0,71.0,inferred
Wandsworth,2020-10-08,28.0,41.0,48.0,56.0,73.0,inferred
Wandsworth,2020-10-09,29.0,41.0,48.0,56.0,71.0,inferred
Wandsworth,2020-10-10,29.0,41.0,48.0,56.0,72.0,inferred
Wandsworth,2020-10-11,29.0,41.0,49.0,56.0,72.0,inferred
Wandsworth,2020-10-12,31.0,43.0,50.0,58.0,75.0,inferred
Wandsworth,2020-10-13,33.0,46.0,53.0,60.0,76.0,inferred
Wandsworth,2020-10-14,34.0,48.0,55.0,63.0,79.0,inferred
Wandsworth,2020-10-15,36.0,49.0,56.0,65.0,81.0,inferred
Wandsworth,2020-10-16,36.0,49.0,57.0,65.0,83.0,inferred
Wandsworth,2020-10-17,37.0,50.0,58.0,67.0,86.0,inferred
Wandsworth,2020-10-18,39.0,52.0,60.0,69.0,88.0,inferred
Wandsworth,2020-10-19,42.0,55.0,64.0,72.0,90.0,inferred
Wandsworth,2020-10-20,45.0,59.0,68.0,77.0,95.0,inferred
Wandsworth,2020-10-21,46.0,61.0,69.0,79.0,98.0,inferred
Wandsworth,2020-10-22,46.0,62.0,70.0,79.0,96.0,inferred
Wandsworth,2020-10-23,46.0,61.0,69.0,78.0,98.0,inferred
Wandsworth,2020-10-24,45.0,60.0,69.0,78.0,97.0,inferred
Wandsworth,2020-10-25,44.0,59.0,69.0,79.0,98.0,inferred
Wandsworth,2020-10-26,44.0,60.0,69.0,80.0,101.0,inferred
Wandsworth,2020-10-27,43.0,59.0,70.0,81.0,102.0,inferred
Wandsworth,2020-10-28,44.0,60.0,69.0,81.0,104.0,inferred
Wandsworth,2020-10-29,44.0,59.0,69.0,82.0,106.0,inferred
Wandsworth,2020-10-30,41.0,57.0,68.0,82.0,109.0,inferred
Warwick,2020-08-01,0.0,0.0,0.0,0.0,3.0,inferred
Warwick,2020-08-02,0.0,0.0,0.0,0.0,3.0,inferred
Warwick,2020-08-03,0.0,0.0,0.0,0.0,3.0,inferred
Warwick,2020-08-04,0.0,0.0,0.0,1.0,3.0,inferred
Warwick,2020-08-05,0.0,0.0,0.0,1.0,4.0,inferred
Warwick,2020-08-06,0.0,0.0,0.0,1.0,5.0,inferred
Warwick,2020-08-07,0.0,0.0,1.0,2.0,5.0,inferred
Warwick,2020-08-08,0.0,0.0,1.0,2.0,5.0,inferred
Warwick,2020-08-09,0.0,0.0,1.0,2.0,5.0,inferred
Warwick,2020-08-10,0.0,0.0,1.0,2.0,5.0,inferred
Warwick,2020-08-11,0.0,0.0,1.0,2.0,5.0,inferred
Warwick,2020-08-12,0.0,0.0,1.0,2.0,5.0,inferred
Warwick,2020-08-13,0.0,0.0,1.0,2.0,6.0,inferred
Warwick,2020-08-14,0.0,0.0,1.0,2.0,6.0,inferred
Warwick,2020-08-15,0.0,0.0,1.0,2.0,6.0,inferred
Warwick,2020-08-16,0.0,0.0,1.0,2.0,6.0,inferred
Warwick,2020-08-17,0.0,0.0,1.0,2.0,6.0,inferred
Warwick,2020-08-18,0.0,0.0,1.0,2.0,6.0,inferred
Warwick,2020-08-19,0.0,0.0,1.0,2.0,6.0,inferred
Warwick,2020-08-20,0.0,0.0,1.0,2.0,5.0,inferred
Warwick,2020-08-21,0.0,0.0,1.0,2.0,6.0,inferred
Warwick,2020-08-22,0.0,0.0,1.0,2.0,6.0,inferred
Warwick,2020-08-23,0.0,0.0,1.0,2.0,6.0,inferred
Warwick,2020-08-24,0.0,0.0,1.0,2.0,6.0,inferred
Warwick,2020-08-25,0.0,0.0,1.0,2.0,6.0,inferred
Warwick,2020-08-26,0.0,0.0,1.0,2.0,6.0,inferred
Warwick,2020-08-27,0.0,0.0,1.0,3.0,7.0,inferred
Warwick,2020-08-28,0.0,0.0,1.0,3.0,7.0,inferred
Warwick,2020-08-29,0.0,0.0,2.0,3.0,7.0,inferred
Warwick,2020-08-30,0.0,1.0,1.0,3.0,7.0,inferred
Warwick,2020-08-31,0.0,1.0,2.0,3.0,7.0,inferred
Warwick,2020-09-01,0.0,1.0,2.0,3.0,8.0,inferred
Warwick,2020-09-02,0.0,1.0,2.0,4.0,9.0,inferred
Warwick,2020-09-03,0.0,1.0,2.0,4.0,9.0,inferred
Warwick,2020-09-04,0.0,1.0,3.0,4.2,10.0,inferred
Warwick,2020-09-05,0.0,1.0,3.0,5.0,10.0,inferred
Warwick,2020-09-06,0.0,1.0,3.0,5.0,10.0,inferred
Warwick,2020-09-07,0.0,1.0,3.0,5.0,10.0,inferred
Warwick,2020-09-08,0.0,2.0,3.0,5.0,10.0,inferred
Warwick,2020-09-09,0.0,2.0,3.0,5.0,11.0,inferred
Warwick,2020-09-10,0.0,2.0,3.0,5.0,10.0,inferred
Warwick,2020-09-11,0.0,2.0,3.0,5.0,10.0,inferred
Warwick,2020-09-12,0.0,2.0,3.0,6.0,11.0,inferred
Warwick,2020-09-13,0.0,2.0,4.0,6.0,11.0,inferred
Warwick,2020-09-14,0.0,2.0,4.0,6.0,11.0,inferred
Warwick,2020-09-15,0.0,2.0,4.0,6.0,12.0,inferred
Warwick,2020-09-16,0.0,2.0,4.0,6.0,11.0,inferred
Warwick,2020-09-17,0.0,2.0,4.0,6.0,12.0,inferred
Warwick,2020-09-18,0.0,2.0,4.0,7.0,13.0,inferred
Warwick,2020-09-19,0.0,2.0,4.0,7.0,13.0,inferred
Warwick,2020-09-20,0.0,3.0,5.0,7.0,14.0,inferred
Warwick,2020-09-21,1.0,3.0,5.0,8.0,15.0,inferred
Warwick,2020-09-22,1.0,4.0,6.0,8.0,14.0,inferred
Warwick,2020-09-23,1.0,4.0,6.0,9.0,16.0,inferred
Warwick,2020-09-24,1.0,5.0,7.0,10.0,17.0,inferred
Warwick,2020-09-25,2.0,5.0,8.0,11.0,18.0,inferred
Warwick,2020-09-26,2.0,6.0,8.0,12.0,19.0,inferred
Warwick,2020-09-27,2.0,6.0,9.0,12.0,20.0,inferred
Warwick,2020-09-28,3.0,7.0,10.0,13.0,21.0,inferred
Warwick,2020-09-29,3.0,8.0,11.0,15.0,23.0,inferred
Warwick,2020-09-30,4.0,8.0,12.0,15.0,24.0,inferred
Warwick,2020-10-01,4.0,9.0,13.0,16.0,25.0,inferred
Warwick,2020-10-02,5.0,10.0,14.0,18.0,28.0,inferred
Warwick,2020-10-03,6.0,11.0,15.0,19.0,28.0,inferred
Warwick,2020-10-04,7.0,12.0,16.0,20.0,31.0,inferred
Warwick,2020-10-05,7.0,14.0,18.0,22.0,32.0,inferred
Warwick,2020-10-06,8.0,15.0,19.0,24.0,33.0,inferred
Warwick,2020-10-07,9.0,16.0,21.0,25.0,36.0,inferred
Warwick,2020-10-08,10.0,17.0,22.0,27.0,38.0,inferred
Warwick,2020-10-09,11.0,18.0,23.0,28.0,39.0,inferred
Warwick,2020-10-10,12.0,20.0,24.0,29.0,41.0,inferred
Warwick,2020-10-11,13.0,21.0,25.0,30.0,42.0,inferred
Warwick,2020-10-12,14.0,22.0,27.0,32.0,43.0,inferred
Warwick,2020-10-13,16.0,24.0,29.0,34.0,46.0,inferred
Warwick,2020-10-14,17.0,26.0,31.0,36.0,49.0,inferred
Warwick,2020-10-15,18.0,26.0,32.0,38.0,50.0,inferred
Warwick,2020-10-16,18.0,28.0,33.0,39.0,51.0,inferred
Warwick,2020-10-17,20.0,29.0,35.0,41.0,53.0,inferred
Warwick,2020-10-18,21.0,31.0,36.0,43.0,56.0,inferred
Warwick,2020-10-19,21.0,32.0,38.0,44.0,59.0,inferred
Warwick,2020-10-20,23.0,33.0,40.0,46.0,59.0,inferred
Warwick,2020-10-21,24.0,35.0,41.0,48.0,62.0,inferred
Warwick,2020-10-22,26.0,37.0,43.0,50.0,63.0,inferred
Warwick,2020-10-23,27.0,37.0,44.0,51.0,65.0,inferred
Warwick,2020-10-24,28.0,39.0,45.0,52.0,67.0,inferred
Warwick,2020-10-25,28.0,39.0,45.0,52.0,68.0,inferred
Warwick,2020-10-26,28.0,40.0,46.0,53.0,69.0,inferred
Warwick,2020-10-27,28.0,40.0,47.0,54.0,70.0,inferred
Warwick,2020-10-28,29.0,40.0,47.0,55.0,70.0,inferred
Warwick,2020-10-29,29.0,42.0,49.0,56.0,71.0,inferred
Warwick,2020-10-30,30.0,42.0,50.0,57.0,74.0,inferred
Watford,2020-08-01,0.0,0.0,1.0,2.0,6.0,inferred
Watford,2020-08-02,0.0,0.0,1.0,2.0,6.0,inferred
Watford,2020-08-03,0.0,0.0,1.0,2.0,6.0,inferred
Watford,2020-08-04,0.0,0.0,1.0,2.0,6.0,inferred
Watford,2020-08-05,0.0,0.0,1.0,3.0,7.0,inferred
Watford,2020-08-06,0.0,0.0,1.0,3.0,7.0,inferred
Watford,2020-08-07,0.0,1.0,2.0,3.0,7.0,inferred
Watford,2020-08-08,0.0,1.0,2.0,3.0,7.0,inferred
Watford,2020-08-09,0.0,1.0,2.0,3.0,8.0,inferred
Watford,2020-08-10,0.0,1.0,2.0,4.0,8.0,inferred
Watford,2020-08-11,0.0,1.0,2.0,4.0,9.0,inferred
Watford,2020-08-12,0.0,1.0,2.0,4.0,8.0,inferred
Watford,2020-08-13,0.0,1.0,2.0,4.0,8.0,inferred
Watford,2020-08-14,0.0,1.0,2.0,4.0,9.0,inferred
Watford,2020-08-15,0.0,1.0,2.0,4.0,9.0,inferred
Watford,2020-08-16,0.0,1.0,2.0,4.0,8.0,inferred
Watford,2020-08-17,0.0,1.0,2.0,3.0,8.0,inferred
Watford,2020-08-18,0.0,1.0,2.0,3.0,8.0,inferred
Watford,2020-08-19,0.0,0.0,2.0,3.0,7.0,inferred
Watford,2020-08-20,0.0,1.0,2.0,3.0,7.0,inferred
Watford,2020-08-21,0.0,1.0,2.0,3.0,8.0,inferred
Watford,2020-08-22,0.0,1.0,2.0,3.0,8.0,inferred
Watford,2020-08-23,0.0,1.0,2.0,4.0,8.0,inferred
Watford,2020-08-24,0.0,1.0,2.0,4.0,9.0,inferred
Watford,2020-08-25,0.0,1.0,2.0,4.0,9.0,inferred
Watford,2020-08-26,0.0,1.0,2.0,4.0,8.0,inferred
Watford,2020-08-27,0.0,1.0,2.0,4.0,9.0,inferred
Watford,2020-08-28,0.0,1.0,2.0,4.0,9.0,inferred
Watford,2020-08-29,0.0,1.0,2.0,4.0,8.0,inferred
Watford,2020-08-30,0.0,1.0,2.0,4.0,8.0,inferred
Watford,2020-08-31,0.0,1.0,2.0,4.0,9.0,inferred
Watford,2020-09-01,0.0,1.0,2.0,4.0,9.0,inferred
Watford,2020-09-02,0.0,1.0,3.0,4.0,10.0,inferred
Watford,2020-09-03,0.0,1.0,3.0,5.0,10.0,inferred
Watford,2020-09-04,0.0,1.0,3.0,5.0,10.0,inferred
Watford,2020-09-05,0.0,1.0,3.0,5.0,10.0,inferred
Watford,2020-09-06,0.0,2.0,3.0,5.0,10.0,inferred
Watford,2020-09-07,0.0,1.0,3.0,5.0,10.0,inferred
Watford,2020-09-08,0.0,1.0,3.0,5.0,10.0,inferred
Watford,2020-09-09,0.0,1.0,3.0,5.0,10.0,inferred
Watford,2020-09-10,0.0,2.0,3.0,5.0,10.0,inferred
Watford,2020-09-11,0.0,2.0,3.0,5.0,10.0,inferred
Watford,2020-09-12,0.0,2.0,3.0,5.0,11.0,inferred
Watford,2020-09-13,0.0,2.0,3.0,6.0,11.0,inferred
Watford,2020-09-14,0.0,2.0,4.0,6.0,11.0,inferred
Watford,2020-09-15,0.0,2.0,4.0,6.0,12.0,inferred
Watford,2020-09-16,0.0,2.0,4.0,6.0,11.0,inferred
Watford,2020-09-17,0.0,2.0,4.0,6.0,12.0,inferred
Watford,2020-09-18,0.0,3.0,4.0,7.0,13.0,inferred
Watford,2020-09-19,0.0,3.0,5.0,7.0,13.0,inferred
Watford,2020-09-20,0.0,3.0,5.0,7.0,13.0,inferred
Watford,2020-09-21,0.0,3.0,5.0,8.0,14.0,inferred
Watford,2020-09-22,1.0,3.0,6.0,8.0,15.0,inferred
Watford,2020-09-23,1.0,4.0,6.0,8.0,15.0,inferred
Watford,2020-09-24,1.0,4.0,6.0,9.0,15.0,inferred
Watford,2020-09-25,1.0,4.0,7.0,9.0,16.0,inferred
Watford,2020-09-26,1.0,5.0,7.0,10.0,17.0,inferred
Watford,2020-09-27,1.0,5.0,8.0,11.0,17.0,inferred
Watford,2020-09-28,2.0,5.0,8.0,11.0,18.0,inferred
Watford,2020-09-29,2.0,6.0,8.0,11.0,18.0,inferred
Watford,2020-09-30,2.0,6.0,9.0,12.0,20.0,inferred
Watford,2020-10-01,3.0,7.0,9.0,13.0,20.0,inferred
Watford,2020-10-02,3.0,7.0,10.0,13.0,21.0,inferred
Watford,2020-10-03,3.0,8.0,11.0,14.0,22.0,inferred
Watford,2020-10-04,4.0,8.0,11.0,14.0,22.0,inferred
Watford,2020-10-05,4.0,8.0,12.0,15.0,23.0,inferred
Watford,2020-10-06,4.0,9.0,12.0,16.0,25.0,inferred
Watford,2020-10-07,4.0,9.0,13.0,17.0,26.0,inferred
Watford,2020-10-08,5.0,10.0,13.0,17.0,25.0,inferred
Watford,2020-10-09,5.0,10.0,13.0,17.0,26.0,inferred
Watford,2020-10-10,5.0,11.0,14.0,18.0,27.0,inferred
Watford,2020-10-11,5.0,11.0,14.0,18.0,27.0,inferred
Watford,2020-10-12,6.0,11.0,15.0,19.0,28.0,inferred
Watford,2020-10-13,6.0,11.0,15.0,19.0,28.0,inferred
Watford,2020-10-14,6.0,12.0,16.0,20.0,29.0,inferred
Watford,2020-10-15,7.0,12.0,16.0,20.0,30.0,inferred
Watford,2020-10-16,7.0,13.0,17.0,21.0,30.0,inferred
Watford,2020-10-17,7.0,13.0,17.0,22.0,31.0,inferred
Watford,2020-10-18,8.0,14.0,18.0,22.0,32.0,inferred
Watford,2020-10-19,8.0,14.0,18.0,23.0,33.0,inferred
Watford,2020-10-20,8.0,15.0,19.0,24.0,34.0,inferred
Watford,2020-10-21,9.0,15.0,20.0,25.0,36.0,inferred
Watford,2020-10-22,8.0,16.0,20.0,25.0,36.0,inferred
Watford,2020-10-23,9.0,16.0,21.0,26.0,37.0,inferred
Watford,2020-10-24,9.0,17.0,22.0,27.0,39.0,inferred
Watford,2020-10-25,10.0,18.0,23.0,28.0,40.0,inferred
Watford,2020-10-26,10.0,18.0,23.0,29.0,42.0,inferred
Watford,2020-10-27,11.0,19.0,25.0,30.2,44.0,inferred
Watford,2020-10-28,12.0,20.0,26.0,32.0,44.0,inferred
Watford,2020-10-29,13.0,21.0,27.0,32.0,47.0,inferred
Watford,2020-10-30,14.0,23.0,28.0,34.0,48.0,inferred
Waverley,2020-08-01,0.0,0.0,0.0,0.0,3.0,inferred
Waverley,2020-08-02,0.0,0.0,0.0,0.0,3.0,inferred
Waverley,2020-08-03,0.0,0.0,0.0,0.0,2.0,inferred
Waverley,2020-08-04,0.0,0.0,0.0,0.0,2.0,inferred
Waverley,2020-08-05,0.0,0.0,0.0,0.0,2.0,inferred
Waverley,2020-08-06,0.0,0.0,0.0,0.0,2.0,inferred
Waverley,2020-08-07,0.0,0.0,0.0,0.0,3.0,inferred
Waverley,2020-08-08,0.0,0.0,0.0,1.0,3.0,inferred
Waverley,2020-08-09,0.0,0.0,0.0,1.0,4.0,inferred
Waverley,2020-08-10,0.0,0.0,0.0,1.0,4.0,inferred
Waverley,2020-08-11,0.0,0.0,0.0,1.0,4.0,inferred
Waverley,2020-08-12,0.0,0.0,0.0,1.0,4.0,inferred
Waverley,2020-08-13,0.0,0.0,0.0,1.0,5.0,inferred
Waverley,2020-08-14,0.0,0.0,1.0,2.0,5.0,inferred
Waverley,2020-08-15,0.0,0.0,1.0,2.0,5.0,inferred
Waverley,2020-08-16,0.0,0.0,1.0,2.0,6.0,inferred
Waverley,2020-08-17,0.0,0.0,1.0,3.0,7.0,inferred
Waverley,2020-08-18,0.0,1.0,1.0,3.0,7.0,inferred
Waverley,2020-08-19,0.0,1.0,2.0,3.0,8.0,inferred
Waverley,2020-08-20,0.0,1.0,2.0,3.0,7.0,inferred
Waverley,2020-08-21,0.0,1.0,2.0,3.0,7.0,inferred
Waverley,2020-08-22,0.0,1.0,2.0,3.0,8.0,inferred
Waverley,2020-08-23,0.0,1.0,2.0,3.0,8.0,inferred
Waverley,2020-08-24,0.0,1.0,2.0,3.0,8.0,inferred
Waverley,2020-08-25,0.0,1.0,2.0,4.0,8.0,inferred
Waverley,2020-08-26,0.0,1.0,2.0,4.0,9.0,inferred
Waverley,2020-08-27,0.0,1.0,2.0,4.0,9.0,inferred
Waverley,2020-08-28,0.0,1.0,2.0,4.0,9.0,inferred
Waverley,2020-08-29,0.0,1.0,3.0,4.0,9.0,inferred
Waverley,2020-08-30,0.0,1.0,3.0,5.0,9.0,inferred
Waverley,2020-08-31,0.0,1.0,3.0,5.0,9.0,inferred
Waverley,2020-09-01,0.0,1.0,3.0,5.0,10.0,inferred
Waverley,2020-09-02,0.0,1.0,3.0,5.0,10.0,inferred
Waverley,2020-09-03,0.0,1.0,3.0,5.0,10.0,inferred
Waverley,2020-09-04,0.0,1.0,3.0,5.0,10.0,inferred
Waverley,2020-09-05,0.0,1.0,3.0,4.0,9.0,inferred
Waverley,2020-09-06,0.0,1.0,2.0,4.0,9.0,inferred
Waverley,2020-09-07,0.0,1.0,2.0,4.0,9.0,inferred
Waverley,2020-09-08,0.0,1.0,2.0,4.0,9.0,inferred
Waverley,2020-09-09,0.0,1.0,2.0,4.0,8.0,inferred
Waverley,2020-09-10,0.0,1.0,2.0,3.0,8.0,inferred
Waverley,2020-09-11,0.0,1.0,2.0,3.0,8.0,inferred
Waverley,2020-09-12,0.0,0.8,2.0,3.0,8.0,inferred
Waverley,2020-09-13,0.0,1.0,2.0,3.0,8.0,inferred
Waverley,2020-09-14,0.0,1.0,2.0,3.0,8.0,inferred
Waverley,2020-09-15,0.0,1.0,2.0,4.0,8.0,inferred
Waverley,2020-09-16,0.0,1.0,2.0,4.0,9.0,inferred
Waverley,2020-09-17,0.0,1.0,3.0,5.0,10.0,inferred
Waverley,2020-09-18,0.0,2.0,3.0,6.0,11.0,inferred
Waverley,2020-09-19,0.0,2.0,4.0,6.0,12.0,inferred
Waverley,2020-09-20,0.0,3.0,4.0,7.0,13.0,inferred
Waverley,2020-09-21,0.0,3.0,5.0,7.0,13.0,inferred
Waverley,2020-09-22,0.0,3.0,5.0,8.0,14.0,inferred
Waverley,2020-09-23,1.0,3.0,5.0,8.0,14.0,inferred
Waverley,2020-09-24,1.0,3.0,5.0,8.0,14.0,inferred
Waverley,2020-09-25,1.0,4.0,6.0,8.0,15.0,inferred
Waverley,2020-09-26,1.0,4.0,6.0,9.0,16.0,inferred
Waverley,2020-09-27,1.0,5.0,7.0,10.0,16.0,inferred
Waverley,2020-09-28,2.0,5.0,7.0,11.0,17.0,inferred
Waverley,2020-09-29,2.0,6.0,8.0,12.0,20.0,inferred
Waverley,2020-09-30,2.0,6.0,9.0,12.0,20.0,inferred
Waverley,2020-10-01,3.0,7.0,10.0,14.0,22.0,inferred
Waverley,2020-10-02,4.0,8.0,11.0,15.0,24.0,inferred
Waverley,2020-10-03,4.0,9.0,13.0,16.0,25.0,inferred
Waverley,2020-10-04,5.0,10.0,13.0,17.0,26.0,inferred
Waverley,2020-10-05,5.0,11.0,14.0,18.0,26.0,inferred
Waverley,2020-10-06,6.0,11.0,15.0,19.0,28.0,inferred
Waverley,2020-10-07,6.0,12.0,16.0,20.0,29.0,inferred
Waverley,2020-10-08,6.0,12.0,16.0,20.0,30.0,inferred
Waverley,2020-10-09,7.0,12.0,16.0,20.0,30.0,inferred
Waverley,2020-10-10,7.0,13.0,17.0,21.0,30.0,inferred
Waverley,2020-10-11,7.0,13.0,17.0,21.0,32.0,inferred
Waverley,2020-10-12,7.0,13.0,17.0,22.0,32.0,inferred
Waverley,2020-10-13,7.0,14.0,18.0,23.0,33.0,inferred
Waverley,2020-10-14,8.0,15.0,19.0,23.0,32.0,inferred
Waverley,2020-10-15,8.0,14.0,18.0,23.0,33.0,inferred
Waverley,2020-10-16,8.0,14.0,18.0,23.0,34.0,inferred
Waverley,2020-10-17,8.0,14.0,18.0,23.0,32.0,inferred
Waverley,2020-10-18,9.0,15.0,19.0,24.0,34.0,inferred
Waverley,2020-10-19,9.0,16.0,20.0,25.0,35.0,inferred
Waverley,2020-10-20,10.0,17.0,21.0,26.0,36.0,inferred
Waverley,2020-10-21,10.0,17.0,22.0,27.0,37.0,inferred
Waverley,2020-10-22,11.0,18.0,22.0,27.0,38.0,inferred
Waverley,2020-10-23,11.0,18.0,23.0,27.0,38.0,inferred
Waverley,2020-10-24,10.0,18.0,22.0,27.0,39.0,inferred
Waverley,2020-10-25,11.0,17.0,22.0,27.0,38.0,inferred
Waverley,2020-10-26,11.0,18.0,22.0,28.0,39.0,inferred
Waverley,2020-10-27,10.0,18.0,23.0,28.0,40.0,inferred
Waverley,2020-10-28,11.0,19.0,24.0,29.0,42.0,inferred
Waverley,2020-10-29,11.0,20.0,25.0,30.0,42.0,inferred
Waverley,2020-10-30,12.0,20.0,25.0,30.0,42.0,inferred
Wellingborough,2020-08-01,0.0,1.0,2.0,4.0,8.0,inferred
Wellingborough,2020-08-02,0.0,1.0,2.0,4.0,8.0,inferred
Wellingborough,2020-08-03,0.0,1.0,2.0,4.0,8.0,inferred
Wellingborough,2020-08-04,0.0,1.0,2.0,4.0,8.0,inferred
Wellingborough,2020-08-05,0.0,1.0,2.0,4.0,8.0,inferred
Wellingborough,2020-08-06,0.0,1.0,2.0,4.0,8.0,inferred
Wellingborough,2020-08-07,0.0,1.0,2.0,4.0,9.0,inferred
Wellingborough,2020-08-08,0.0,1.0,3.0,4.0,10.0,inferred
Wellingborough,2020-08-09,0.0,1.0,3.0,5.0,10.0,inferred
Wellingborough,2020-08-10,0.0,1.0,3.0,5.0,10.0,inferred
Wellingborough,2020-08-11,0.0,1.0,3.0,5.0,9.0,inferred
Wellingborough,2020-08-12,0.0,1.0,3.0,4.0,9.0,inferred
Wellingborough,2020-08-13,0.0,1.0,2.0,4.0,9.0,inferred
Wellingborough,2020-08-14,0.0,1.0,2.0,4.0,8.0,inferred
Wellingborough,2020-08-15,0.0,1.0,2.0,4.0,8.0,inferred
Wellingborough,2020-08-16,0.0,1.0,2.0,3.0,7.0,inferred
Wellingborough,2020-08-17,0.0,1.0,2.0,3.0,8.0,inferred
Wellingborough,2020-08-18,0.0,1.0,2.0,3.0,7.0,inferred
Wellingborough,2020-08-19,0.0,1.0,2.0,3.0,7.0,inferred
Wellingborough,2020-08-20,0.0,0.0,1.0,3.0,7.0,inferred
Wellingborough,2020-08-21,0.0,0.0,2.0,3.0,7.0,inferred
Wellingborough,2020-08-22,0.0,0.0,1.0,3.0,7.0,inferred
Wellingborough,2020-08-23,0.0,0.0,1.0,3.0,7.0,inferred
Wellingborough,2020-08-24,0.0,0.0,1.0,3.0,7.0,inferred
Wellingborough,2020-08-25,0.0,0.0,1.0,3.0,7.0,inferred
Wellingborough,2020-08-26,0.0,0.0,1.0,2.0,7.0,inferred
Wellingborough,2020-08-27,0.0,0.0,1.0,3.0,7.0,inferred
Wellingborough,2020-08-28,0.0,0.0,1.0,3.0,7.0,inferred
Wellingborough,2020-08-29,0.0,0.0,1.0,3.0,7.0,inferred
Wellingborough,2020-08-30,0.0,0.0,1.0,3.0,7.0,inferred
Wellingborough,2020-08-31,0.0,0.0,1.0,3.0,7.0,inferred
Wellingborough,2020-09-01,0.0,0.0,1.0,3.0,7.0,inferred
Wellingborough,2020-09-02,0.0,1.0,2.0,3.0,7.0,inferred
Wellingborough,2020-09-03,0.0,1.0,2.0,3.0,8.0,inferred
Wellingborough,2020-09-04,0.0,1.0,2.0,4.0,8.0,inferred
Wellingborough,2020-09-05,0.0,1.0,2.0,4.0,8.0,inferred
Wellingborough,2020-09-06,0.0,1.0,2.0,4.0,9.0,inferred
Wellingborough,2020-09-07,0.0,1.0,2.0,4.0,9.0,inferred
Wellingborough,2020-09-08,0.0,1.0,2.0,4.0,9.0,inferred
Wellingborough,2020-09-09,0.0,1.0,2.0,4.0,9.0,inferred
Wellingborough,2020-09-10,0.0,1.0,2.0,4.0,9.0,inferred
Wellingborough,2020-09-11,0.0,1.0,2.0,4.0,9.0,inferred
Wellingborough,2020-09-12,0.0,1.0,2.0,4.0,9.0,inferred
Wellingborough,2020-09-13,0.0,1.0,2.0,4.0,9.0,inferred
Wellingborough,2020-09-14,0.0,1.0,2.0,4.0,8.0,inferred
Wellingborough,2020-09-15,0.0,1.0,2.0,4.0,9.0,inferred
Wellingborough,2020-09-16,0.0,1.0,2.0,4.0,9.0,inferred
Wellingborough,2020-09-17,0.0,1.0,2.0,4.0,9.0,inferred
Wellingborough,2020-09-18,0.0,1.0,2.0,4.0,9.0,inferred
Wellingborough,2020-09-19,0.0,1.0,2.0,4.0,9.0,inferred
Wellingborough,2020-09-20,0.0,1.0,3.0,4.0,9.0,inferred
Wellingborough,2020-09-21,0.0,1.0,3.0,4.0,9.0,inferred
Wellingborough,2020-09-22,0.0,1.0,3.0,4.0,9.0,inferred
Wellingborough,2020-09-23,0.0,1.0,3.0,5.0,10.0,inferred
Wellingborough,2020-09-24,0.0,1.0,3.0,5.0,10.0,inferred
Wellingborough,2020-09-25,0.0,2.0,3.0,5.0,11.0,inferred
Wellingborough,2020-09-26,0.0,2.0,4.0,6.0,11.0,inferred
Wellingborough,2020-09-27,0.0,2.0,4.0,6.0,12.0,inferred
Wellingborough,2020-09-28,0.0,3.0,5.0,7.0,13.0,inferred
Wellingborough,2020-09-29,0.0,3.0,5.0,7.0,13.0,inferred
Wellingborough,2020-09-30,1.0,3.0,5.5,8.0,15.0,inferred
Wellingborough,2020-10-01,1.0,4.0,6.0,9.0,16.0,inferred
Wellingborough,2020-10-02,1.0,4.0,7.0,10.0,16.0,inferred
Wellingborough,2020-10-03,1.0,5.0,7.0,10.0,17.0,inferred
Wellingborough,2020-10-04,2.0,5.0,8.0,11.0,19.0,inferred
Wellingborough,2020-10-05,2.0,6.0,9.0,12.0,20.0,inferred
Wellingborough,2020-10-06,3.0,7.0,10.0,14.0,22.0,inferred
Wellingborough,2020-10-07,3.0,8.0,11.0,15.0,24.0,inferred
Wellingborough,2020-10-08,4.0,8.0,12.0,16.0,25.0,inferred
Wellingborough,2020-10-09,4.0,9.0,12.0,16.0,25.0,inferred
Wellingborough,2020-10-10,4.0,9.0,12.0,16.0,26.0,inferred
Wellingborough,2020-10-11,4.0,9.0,12.0,16.0,25.0,inferred
Wellingborough,2020-10-12,4.0,9.0,12.0,16.0,25.0,inferred
Wellingborough,2020-10-13,4.0,9.0,12.0,16.0,25.0,inferred
Wellingborough,2020-10-14,4.0,9.0,13.0,16.0,25.0,inferred
Wellingborough,2020-10-15,5.0,10.0,14.0,18.0,26.0,inferred
Wellingborough,2020-10-16,5.0,11.0,14.0,18.2,28.0,inferred
Wellingborough,2020-10-17,6.0,11.0,15.0,20.0,29.0,inferred
Wellingborough,2020-10-18,6.0,12.0,16.0,20.0,30.0,inferred
Wellingborough,2020-10-19,6.0,12.0,16.0,20.0,29.0,inferred
Wellingborough,2020-10-20,6.0,12.0,16.0,20.0,30.0,inferred
Wellingborough,2020-10-21,6.0,12.0,16.0,20.0,29.0,inferred
Wellingborough,2020-10-22,6.0,12.0,15.0,19.0,29.0,inferred
Wellingborough,2020-10-23,6.0,11.0,15.0,19.0,29.0,inferred
Wellingborough,2020-10-24,6.0,11.0,15.0,19.0,28.0,inferred
Wellingborough,2020-10-25,6.0,12.0,15.0,20.0,29.0,inferred
Wellingborough,2020-10-26,7.0,12.0,16.0,20.0,29.0,inferred
Wellingborough,2020-10-27,7.0,12.0,16.0,20.0,29.0,inferred
Wellingborough,2020-10-28,7.0,12.0,16.0,20.0,29.0,inferred
Wellingborough,2020-10-29,6.0,12.0,16.0,20.0,30.0,inferred
Wellingborough,2020-10-30,5.0,12.0,16.0,20.0,30.0,inferred
Welwyn Hatfield,2020-08-01,0.0,0.0,1.0,2.0,5.0,inferred
Welwyn Hatfield,2020-08-02,0.0,0.0,1.0,2.0,6.0,inferred
Welwyn Hatfield,2020-08-03,0.0,0.0,1.0,2.0,6.0,inferred
Welwyn Hatfield,2020-08-04,0.0,0.0,1.0,2.0,6.0,inferred
Welwyn Hatfield,2020-08-05,0.0,0.0,1.0,2.0,6.0,inferred
Welwyn Hatfield,2020-08-06,0.0,0.0,1.0,2.0,6.0,inferred
Welwyn Hatfield,2020-08-07,0.0,0.0,1.0,2.0,6.0,inferred
Welwyn Hatfield,2020-08-08,0.0,0.0,1.0,2.0,5.0,inferred
Welwyn Hatfield,2020-08-09,0.0,0.0,1.0,2.0,5.0,inferred
Welwyn Hatfield,2020-08-10,0.0,0.0,1.0,2.0,5.0,inferred
Welwyn Hatfield,2020-08-11,0.0,0.0,1.0,2.0,5.0,inferred
Welwyn Hatfield,2020-08-12,0.0,0.0,1.0,2.0,5.0,inferred
Welwyn Hatfield,2020-08-13,0.0,0.0,1.0,2.0,5.0,inferred
Welwyn Hatfield,2020-08-14,0.0,0.0,1.0,2.0,6.0,inferred
Welwyn Hatfield,2020-08-15,0.0,0.0,1.0,2.0,6.0,inferred
Welwyn Hatfield,2020-08-16,0.0,0.0,1.0,2.0,6.0,inferred
Welwyn Hatfield,2020-08-17,0.0,0.0,1.0,3.0,7.0,inferred
Welwyn Hatfield,2020-08-18,0.0,0.0,1.0,3.0,7.0,inferred
Welwyn Hatfield,2020-08-19,0.0,1.0,1.0,3.0,7.0,inferred
Welwyn Hatfield,2020-08-20,0.0,1.0,2.0,3.0,7.0,inferred
Welwyn Hatfield,2020-08-21,0.0,1.0,2.0,3.0,7.0,inferred
Welwyn Hatfield,2020-08-22,0.0,1.0,2.0,4.0,8.0,inferred
Welwyn Hatfield,2020-08-23,0.0,1.0,2.0,4.0,8.0,inferred
Welwyn Hatfield,2020-08-24,0.0,1.0,2.0,4.0,9.0,inferred
Welwyn Hatfield,2020-08-25,0.0,1.0,2.0,4.0,9.0,inferred
Welwyn Hatfield,2020-08-26,0.0,1.0,3.0,5.0,10.0,inferred
Welwyn Hatfield,2020-08-27,0.0,1.0,3.0,5.0,10.0,inferred
Welwyn Hatfield,2020-08-28,0.0,2.0,3.0,5.0,10.0,inferred
Welwyn Hatfield,2020-08-29,0.0,2.0,3.0,5.0,11.0,inferred
Welwyn Hatfield,2020-08-30,0.0,2.0,3.0,5.0,11.0,inferred
Welwyn Hatfield,2020-08-31,0.0,1.8,3.0,5.0,11.0,inferred
Welwyn Hatfield,2020-09-01,0.0,2.0,3.0,5.0,11.0,inferred
Welwyn Hatfield,2020-09-02,0.0,2.0,4.0,6.0,11.0,inferred
Welwyn Hatfield,2020-09-03,0.0,2.0,4.0,6.0,11.0,inferred
Welwyn Hatfield,2020-09-04,0.0,2.0,4.0,6.0,12.0,inferred
Welwyn Hatfield,2020-09-05,0.0,2.0,4.0,7.0,12.0,inferred
Welwyn Hatfield,2020-09-06,0.0,3.0,4.0,7.0,13.0,inferred
Welwyn Hatfield,2020-09-07,0.0,3.0,5.0,7.0,13.0,inferred
Welwyn Hatfield,2020-09-08,0.0,3.0,4.0,7.0,13.0,inferred
Welwyn Hatfield,2020-09-09,0.0,3.0,4.0,7.0,13.0,inferred
Welwyn Hatfield,2020-09-10,0.0,2.0,4.0,6.0,12.0,inferred
Welwyn Hatfield,2020-09-11,0.0,2.0,4.0,6.0,12.0,inferred
Welwyn Hatfield,2020-09-12,0.0,2.0,4.0,6.0,11.0,inferred
Welwyn Hatfield,2020-09-13,0.0,2.0,3.0,5.0,11.0,inferred
Welwyn Hatfield,2020-09-14,0.0,1.0,3.0,5.0,10.0,inferred
Welwyn Hatfield,2020-09-15,0.0,1.0,3.0,5.0,10.0,inferred
Welwyn Hatfield,2020-09-16,0.0,1.0,3.0,5.0,10.0,inferred
Welwyn Hatfield,2020-09-17,0.0,1.0,3.0,5.0,10.0,inferred
Welwyn Hatfield,2020-09-18,0.0,2.0,3.0,5.0,10.0,inferred
Welwyn Hatfield,2020-09-19,0.0,2.0,3.0,5.0,10.0,inferred
Welwyn Hatfield,2020-09-20,0.0,2.0,3.0,5.0,11.0,inferred
Welwyn Hatfield,2020-09-21,0.0,2.0,3.0,5.0,11.0,inferred
Welwyn Hatfield,2020-09-22,0.0,2.0,3.0,5.0,11.0,inferred
Welwyn Hatfield,2020-09-23,0.0,2.0,4.0,6.0,11.0,inferred
Welwyn Hatfield,2020-09-24,0.0,2.0,4.0,6.0,12.0,inferred
Welwyn Hatfield,2020-09-25,0.0,2.0,4.0,7.0,13.0,inferred
Welwyn Hatfield,2020-09-26,0.0,3.0,5.0,7.0,13.0,inferred
Welwyn Hatfield,2020-09-27,0.0,3.0,5.0,7.0,13.0,inferred
Welwyn Hatfield,2020-09-28,1.0,3.0,6.0,8.0,14.0,inferred
Welwyn Hatfield,2020-09-29,1.0,4.0,6.0,9.0,15.0,inferred
Welwyn Hatfield,2020-09-30,1.0,4.0,7.0,10.0,16.0,inferred
Welwyn Hatfield,2020-10-01,1.0,5.0,8.0,11.0,17.0,inferred
Welwyn Hatfield,2020-10-02,2.0,6.0,9.0,12.0,19.0,inferred
Welwyn Hatfield,2020-10-03,2.0,7.0,9.0,13.0,20.0,inferred
Welwyn Hatfield,2020-10-04,3.0,7.0,10.0,14.0,22.0,inferred
Welwyn Hatfield,2020-10-05,3.0,7.0,10.0,14.0,22.0,inferred
Welwyn Hatfield,2020-10-06,3.0,7.0,11.0,14.0,22.0,inferred
Welwyn Hatfield,2020-10-07,3.0,8.0,11.0,14.0,23.0,inferred
Welwyn Hatfield,2020-10-08,3.0,8.0,10.0,14.0,22.0,inferred
Welwyn Hatfield,2020-10-09,3.0,8.0,11.0,15.0,23.0,inferred
Welwyn Hatfield,2020-10-10,4.0,8.0,11.0,15.0,24.0,inferred
Welwyn Hatfield,2020-10-11,4.0,9.0,12.0,16.0,25.0,inferred
Welwyn Hatfield,2020-10-12,5.0,10.0,13.0,18.0,27.0,inferred
Welwyn Hatfield,2020-10-13,5.0,11.0,14.0,18.0,28.0,inferred
Welwyn Hatfield,2020-10-14,5.0,11.0,15.0,19.0,29.0,inferred
Welwyn Hatfield,2020-10-15,5.0,11.0,15.0,19.0,29.0,inferred
Welwyn Hatfield,2020-10-16,6.0,11.0,15.0,19.0,29.0,inferred
Welwyn Hatfield,2020-10-17,6.0,12.0,15.0,19.0,30.0,inferred
Welwyn Hatfield,2020-10-18,6.0,12.0,16.0,20.0,30.0,inferred
Welwyn Hatfield,2020-10-19,7.0,13.0,16.0,21.0,30.0,inferred
Welwyn Hatfield,2020-10-20,7.0,13.0,17.0,22.0,31.0,inferred
Welwyn Hatfield,2020-10-21,8.0,14.0,18.0,22.0,32.0,inferred
Welwyn Hatfield,2020-10-22,8.0,14.0,18.0,23.0,32.0,inferred
Welwyn Hatfield,2020-10-23,8.0,14.0,18.0,23.0,33.0,inferred
Welwyn Hatfield,2020-10-24,8.0,14.0,18.0,23.0,34.0,inferred
Welwyn Hatfield,2020-10-25,8.0,15.0,19.0,24.0,33.0,inferred
Welwyn Hatfield,2020-10-26,8.0,15.0,19.0,24.0,35.0,inferred
Welwyn Hatfield,2020-10-27,8.0,15.0,19.0,24.0,34.0,inferred
Welwyn Hatfield,2020-10-28,8.0,15.0,20.0,24.0,35.0,inferred
Welwyn Hatfield,2020-10-29,9.0,16.0,20.0,25.0,35.0,inferred
Welwyn Hatfield,2020-10-30,9.0,16.0,20.0,25.0,35.0,inferred
West Berkshire,2020-08-01,0.0,0.0,1.0,2.0,5.0,inferred
West Berkshire,2020-08-02,0.0,0.0,0.0,1.0,4.0,inferred
West Berkshire,2020-08-03,0.0,0.0,0.0,1.0,4.0,inferred
West Berkshire,2020-08-04,0.0,0.0,0.0,1.0,4.0,inferred
West Berkshire,2020-08-05,0.0,0.0,0.0,1.0,4.0,inferred
West Berkshire,2020-08-06,0.0,0.0,0.0,1.0,4.0,inferred
West Berkshire,2020-08-07,0.0,0.0,0.0,1.0,4.0,inferred
West Berkshire,2020-08-08,0.0,0.0,0.0,1.0,5.0,inferred
West Berkshire,2020-08-09,0.0,0.0,0.0,1.0,5.0,inferred
West Berkshire,2020-08-10,0.0,0.0,0.0,1.0,5.0,inferred
West Berkshire,2020-08-11,0.0,0.0,0.0,2.0,5.0,inferred
West Berkshire,2020-08-12,0.0,0.0,1.0,2.0,5.0,inferred
West Berkshire,2020-08-13,0.0,0.0,1.0,2.0,5.0,inferred
West Berkshire,2020-08-14,0.0,0.0,1.0,2.0,5.0,inferred
West Berkshire,2020-08-15,0.0,0.0,1.0,2.0,5.0,inferred
West Berkshire,2020-08-16,0.0,0.0,1.0,2.0,5.0,inferred
West Berkshire,2020-08-17,0.0,0.0,1.0,2.0,6.0,inferred
West Berkshire,2020-08-18,0.0,0.0,1.0,2.0,6.0,inferred
West Berkshire,2020-08-19,0.0,0.0,1.0,2.0,5.0,inferred
West Berkshire,2020-08-20,0.0,0.0,1.0,2.0,6.0,inferred
West Berkshire,2020-08-21,0.0,0.0,1.0,2.0,7.0,inferred
West Berkshire,2020-08-22,0.0,0.0,1.0,3.0,7.0,inferred
West Berkshire,2020-08-23,0.0,0.0,1.0,3.0,7.0,inferred
West Berkshire,2020-08-24,0.0,0.0,1.0,3.0,7.0,inferred
West Berkshire,2020-08-25,0.0,0.0,1.0,3.0,7.0,inferred
West Berkshire,2020-08-26,0.0,0.0,1.0,3.0,7.0,inferred
West Berkshire,2020-08-27,0.0,0.0,1.0,3.0,7.0,inferred
West Berkshire,2020-08-28,0.0,0.0,1.0,3.0,8.0,inferred
West Berkshire,2020-08-29,0.0,1.0,2.0,3.0,8.0,inferred
West Berkshire,2020-08-30,0.0,1.0,2.0,3.0,8.0,inferred
West Berkshire,2020-08-31,0.0,1.0,2.0,3.0,8.0,inferred
West Berkshire,2020-09-01,0.0,1.0,2.0,3.0,8.0,inferred
West Berkshire,2020-09-02,0.0,1.0,2.0,3.0,8.0,inferred
West Berkshire,2020-09-03,0.0,0.0,2.0,3.0,7.0,inferred
West Berkshire,2020-09-04,0.0,1.0,2.0,3.0,7.0,inferred
West Berkshire,2020-09-05,0.0,0.0,1.0,3.0,7.0,inferred
West Berkshire,2020-09-06,0.0,0.0,1.0,3.0,7.0,inferred
West Berkshire,2020-09-07,0.0,0.0,1.0,3.0,7.0,inferred
West Berkshire,2020-09-08,0.0,0.0,1.0,3.0,7.0,inferred
West Berkshire,2020-09-09,0.0,0.0,1.0,3.0,8.0,inferred
West Berkshire,2020-09-10,0.0,0.0,2.0,3.0,7.0,inferred
West Berkshire,2020-09-11,0.0,0.0,2.0,3.0,7.0,inferred
West Berkshire,2020-09-12,0.0,1.0,2.0,3.0,8.0,inferred
West Berkshire,2020-09-13,0.0,1.0,2.0,4.0,8.0,inferred
West Berkshire,2020-09-14,0.0,1.0,2.0,4.0,8.0,inferred
West Berkshire,2020-09-15,0.0,1.0,2.0,4.0,9.0,inferred
West Berkshire,2020-09-16,0.0,1.0,2.0,4.0,9.0,inferred
West Berkshire,2020-09-17,0.0,1.0,3.0,5.0,10.0,inferred
West Berkshire,2020-09-18,0.0,2.0,3.0,5.0,10.0,inferred
West Berkshire,2020-09-19,0.0,2.0,3.0,6.0,11.0,inferred
West Berkshire,2020-09-20,0.0,2.0,4.0,6.0,12.0,inferred
West Berkshire,2020-09-21,0.0,2.0,4.0,6.0,11.0,inferred
West Berkshire,2020-09-22,0.0,2.0,4.0,7.0,12.0,inferred
West Berkshire,2020-09-23,0.0,3.0,5.0,7.0,13.0,inferred
West Berkshire,2020-09-24,1.0,3.0,5.0,8.0,14.0,inferred
West Berkshire,2020-09-25,1.0,3.0,5.0,8.0,14.0,inferred
West Berkshire,2020-09-26,1.0,4.0,6.0,8.0,15.0,inferred
West Berkshire,2020-09-27,1.0,4.0,6.0,9.0,15.0,inferred
West Berkshire,2020-09-28,1.0,4.0,6.0,9.0,16.0,inferred
West Berkshire,2020-09-29,1.0,4.0,7.0,9.0,17.0,inferred
West Berkshire,2020-09-30,2.0,5.0,7.0,10.0,17.0,inferred
West Berkshire,2020-10-01,2.0,6.0,8.0,11.0,18.0,inferred
West Berkshire,2020-10-02,2.0,6.0,9.0,12.0,19.0,inferred
West Berkshire,2020-10-03,2.0,6.0,9.0,12.0,20.0,inferred
West Berkshire,2020-10-04,3.0,7.0,9.0,12.0,20.0,inferred
West Berkshire,2020-10-05,3.0,7.0,10.0,13.0,21.0,inferred
West Berkshire,2020-10-06,3.0,7.0,10.0,13.0,21.0,inferred
West Berkshire,2020-10-07,3.0,7.0,10.0,13.0,21.0,inferred
West Berkshire,2020-10-08,3.0,7.0,10.0,14.0,21.0,inferred
West Berkshire,2020-10-09,3.0,8.0,11.0,14.0,22.0,inferred
West Berkshire,2020-10-10,3.0,8.0,11.0,14.0,22.0,inferred
West Berkshire,2020-10-11,3.0,8.0,11.0,15.0,23.0,inferred
West Berkshire,2020-10-12,3.0,8.0,11.0,15.0,23.0,inferred
West Berkshire,2020-10-13,4.0,9.0,12.0,16.0,24.0,inferred
West Berkshire,2020-10-14,4.0,9.0,13.0,17.0,26.0,inferred
West Berkshire,2020-10-15,5.0,10.0,13.0,17.0,26.0,inferred
West Berkshire,2020-10-16,5.0,11.0,14.0,18.0,27.0,inferred
West Berkshire,2020-10-17,6.0,11.0,15.0,18.0,28.0,inferred
West Berkshire,2020-10-18,6.0,12.0,16.0,20.0,29.0,inferred
West Berkshire,2020-10-19,7.0,13.0,17.0,21.0,31.0,inferred
West Berkshire,2020-10-20,8.0,14.0,17.0,22.0,31.0,inferred
West Berkshire,2020-10-21,8.0,14.0,18.0,23.0,33.0,inferred
West Berkshire,2020-10-22,8.0,15.0,19.0,24.0,35.0,inferred
West Berkshire,2020-10-23,8.0,15.0,20.0,25.0,37.0,inferred
West Berkshire,2020-10-24,9.0,15.0,20.0,26.0,37.0,inferred
West Berkshire,2020-10-25,8.0,15.0,20.0,25.0,37.0,inferred
West Berkshire,2020-10-26,9.0,16.0,21.0,26.0,37.0,inferred
West Berkshire,2020-10-27,9.0,17.0,22.0,27.0,38.0,inferred
West Berkshire,2020-10-28,11.0,18.0,23.0,28.0,39.0,inferred
West Berkshire,2020-10-29,11.0,19.0,24.0,29.0,39.0,inferred
West Berkshire,2020-10-30,12.0,20.0,25.0,30.0,42.0,inferred
West Oxfordshire,2020-08-01,0.0,0.0,0.0,1.0,5.0,inferred
West Oxfordshire,2020-08-02,0.0,0.0,0.0,1.0,5.0,inferred
West Oxfordshire,2020-08-03,0.0,0.0,0.0,1.0,5.0,inferred
West Oxfordshire,2020-08-04,0.0,0.0,0.0,2.0,5.0,inferred
West Oxfordshire,2020-08-05,0.0,0.0,1.0,1.0,5.0,inferred
West Oxfordshire,2020-08-06,0.0,0.0,1.0,1.0,5.0,inferred
West Oxfordshire,2020-08-07,0.0,0.0,1.0,2.0,5.0,inferred
West Oxfordshire,2020-08-08,0.0,0.0,1.0,2.0,5.0,inferred
West Oxfordshire,2020-08-09,0.0,0.0,1.0,2.0,5.0,inferred
West Oxfordshire,2020-08-10,0.0,0.0,1.0,2.0,6.0,inferred
West Oxfordshire,2020-08-11,0.0,0.0,1.0,2.0,6.0,inferred
West Oxfordshire,2020-08-12,0.0,0.0,1.0,2.0,6.0,inferred
West Oxfordshire,2020-08-13,0.0,0.0,1.0,2.0,6.0,inferred
West Oxfordshire,2020-08-14,0.0,0.0,1.0,2.0,5.0,inferred
West Oxfordshire,2020-08-15,0.0,0.0,1.0,2.0,6.0,inferred
West Oxfordshire,2020-08-16,0.0,0.0,1.0,2.0,6.0,inferred
West Oxfordshire,2020-08-17,0.0,0.0,1.0,2.0,6.0,inferred
West Oxfordshire,2020-08-18,0.0,0.0,1.0,2.0,5.0,inferred
West Oxfordshire,2020-08-19,0.0,0.0,1.0,2.0,6.0,inferred
West Oxfordshire,2020-08-20,0.0,0.0,1.0,2.0,5.0,inferred
West Oxfordshire,2020-08-21,0.0,0.0,1.0,2.0,5.0,inferred
West Oxfordshire,2020-08-22,0.0,0.0,1.0,2.0,5.0,inferred
West Oxfordshire,2020-08-23,0.0,0.0,1.0,2.0,5.0,inferred
West Oxfordshire,2020-08-24,0.0,0.0,1.0,2.0,6.0,inferred
West Oxfordshire,2020-08-25,0.0,0.0,1.0,2.0,6.0,inferred
West Oxfordshire,2020-08-26,0.0,0.0,1.0,2.0,6.0,inferred
West Oxfordshire,2020-08-27,0.0,0.0,1.0,2.0,6.0,inferred
West Oxfordshire,2020-08-28,0.0,0.0,1.0,2.0,6.0,inferred
West Oxfordshire,2020-08-29,0.0,0.0,1.0,3.0,7.0,inferred
West Oxfordshire,2020-08-30,0.0,0.0,1.0,3.0,7.0,inferred
West Oxfordshire,2020-08-31,0.0,1.0,2.0,3.0,7.0,inferred
West Oxfordshire,2020-09-01,0.0,1.0,2.0,3.0,8.0,inferred
West Oxfordshire,2020-09-02,0.0,1.0,2.0,3.0,8.0,inferred
West Oxfordshire,2020-09-03,0.0,1.0,2.0,3.0,8.0,inferred
West Oxfordshire,2020-09-04,0.0,1.0,2.0,3.0,7.0,inferred
West Oxfordshire,2020-09-05,0.0,0.0,1.0,3.0,7.0,inferred
West Oxfordshire,2020-09-06,0.0,0.0,1.0,3.0,7.0,inferred
West Oxfordshire,2020-09-07,0.0,0.0,1.0,3.0,7.0,inferred
West Oxfordshire,2020-09-08,0.0,0.0,1.0,3.0,7.0,inferred
West Oxfordshire,2020-09-09,0.0,0.0,1.0,3.0,7.0,inferred
West Oxfordshire,2020-09-10,0.0,0.0,1.0,3.0,7.0,inferred
West Oxfordshire,2020-09-11,0.0,0.0,1.0,3.0,7.0,inferred
West Oxfordshire,2020-09-12,0.0,0.0,1.0,2.0,6.0,inferred
West Oxfordshire,2020-09-13,0.0,0.0,1.0,2.0,6.0,inferred
West Oxfordshire,2020-09-14,0.0,0.0,1.0,2.0,6.0,inferred
West Oxfordshire,2020-09-15,0.0,0.0,1.0,2.0,6.0,inferred
West Oxfordshire,2020-09-16,0.0,0.0,1.0,3.0,7.0,inferred
West Oxfordshire,2020-09-17,0.0,0.0,1.0,3.0,7.0,inferred
West Oxfordshire,2020-09-18,0.0,0.0,1.0,3.0,7.0,inferred
West Oxfordshire,2020-09-19,0.0,0.0,1.0,3.0,7.0,inferred
West Oxfordshire,2020-09-20,0.0,1.0,2.0,3.0,7.0,inferred
West Oxfordshire,2020-09-21,0.0,1.0,2.0,4.0,8.0,inferred
West Oxfordshire,2020-09-22,0.0,1.0,2.0,4.0,8.0,inferred
West Oxfordshire,2020-09-23,0.0,1.0,2.0,4.0,9.0,inferred
West Oxfordshire,2020-09-24,0.0,1.0,2.0,4.0,9.0,inferred
West Oxfordshire,2020-09-25,0.0,1.0,3.0,5.0,10.0,inferred
West Oxfordshire,2020-09-26,0.0,2.0,3.0,5.0,10.0,inferred
West Oxfordshire,2020-09-27,0.0,2.0,4.0,6.0,11.0,inferred
West Oxfordshire,2020-09-28,0.0,2.0,4.0,6.0,12.0,inferred
West Oxfordshire,2020-09-29,0.0,3.0,4.0,7.0,12.0,inferred
West Oxfordshire,2020-09-30,0.0,3.0,5.0,7.0,13.0,inferred
West Oxfordshire,2020-10-01,1.0,3.0,5.0,8.0,15.0,inferred
West Oxfordshire,2020-10-02,1.0,4.0,6.0,9.0,15.0,inferred
West Oxfordshire,2020-10-03,1.0,4.0,6.0,9.0,16.0,inferred
West Oxfordshire,2020-10-04,1.0,5.0,7.0,10.0,17.0,inferred
West Oxfordshire,2020-10-05,2.0,5.0,8.0,11.0,18.0,inferred
West Oxfordshire,2020-10-06,2.0,6.0,8.0,12.0,19.0,inferred
West Oxfordshire,2020-10-07,2.0,6.0,9.0,12.0,19.0,inferred
West Oxfordshire,2020-10-08,3.0,7.0,9.0,13.0,20.0,inferred
West Oxfordshire,2020-10-09,3.0,7.0,9.0,13.0,20.0,inferred
West Oxfordshire,2020-10-10,3.0,7.0,10.0,13.0,20.0,inferred
West Oxfordshire,2020-10-11,3.0,7.0,10.0,14.0,21.0,inferred
West Oxfordshire,2020-10-12,3.0,8.0,10.0,14.0,21.0,inferred
West Oxfordshire,2020-10-13,4.0,8.0,11.0,15.0,23.0,inferred
West Oxfordshire,2020-10-14,4.0,8.0,11.0,15.0,23.0,inferred
West Oxfordshire,2020-10-15,4.0,8.8,12.0,16.0,24.0,inferred
West Oxfordshire,2020-10-16,4.0,9.0,12.0,16.0,24.0,inferred
West Oxfordshire,2020-10-17,5.0,10.0,13.0,17.0,26.0,inferred
West Oxfordshire,2020-10-18,5.0,11.0,14.0,19.0,28.0,inferred
West Oxfordshire,2020-10-19,6.0,12.0,15.0,19.0,28.0,inferred
West Oxfordshire,2020-10-20,6.0,12.0,16.0,20.0,30.0,inferred
West Oxfordshire,2020-10-21,7.0,13.0,17.0,21.0,31.0,inferred
West Oxfordshire,2020-10-22,7.0,13.0,17.0,21.0,31.0,inferred
West Oxfordshire,2020-10-23,8.0,14.0,18.0,22.0,31.0,inferred
West Oxfordshire,2020-10-24,7.0,13.0,17.0,21.0,31.0,inferred
West Oxfordshire,2020-10-25,7.0,13.0,17.0,21.0,31.0,inferred
West Oxfordshire,2020-10-26,7.0,13.0,17.0,22.0,31.0,inferred
West Oxfordshire,2020-10-27,8.0,14.0,18.0,22.0,32.0,inferred
West Oxfordshire,2020-10-28,8.0,14.0,18.0,23.0,33.0,inferred
West Oxfordshire,2020-10-29,8.0,15.0,19.0,23.0,34.0,inferred
West Oxfordshire,2020-10-30,8.0,15.0,20.0,24.0,35.0,inferred
Westminster,2020-08-01,0.0,1.0,3.0,4.0,9.0,inferred
Westminster,2020-08-02,0.0,1.0,3.0,5.0,9.0,inferred
Westminster,2020-08-03,0.0,2.0,3.0,5.0,11.0,inferred
Westminster,2020-08-04,0.0,2.0,4.0,6.0,11.0,inferred
Westminster,2020-08-05,0.0,2.0,4.0,7.0,12.0,inferred
Westminster,2020-08-06,0.0,2.0,4.0,7.0,12.0,inferred
Westminster,2020-08-07,0.0,3.0,4.0,7.0,12.0,inferred
Westminster,2020-08-08,0.0,2.0,4.0,7.0,13.0,inferred
Westminster,2020-08-09,0.0,2.0,4.0,6.0,12.0,inferred
Westminster,2020-08-10,0.0,2.0,4.0,6.0,12.0,inferred
Westminster,2020-08-11,0.0,2.0,4.0,6.0,11.0,inferred
Westminster,2020-08-12,0.0,2.0,3.0,5.0,11.0,inferred
Westminster,2020-08-13,0.0,2.0,3.0,5.0,11.0,inferred
Westminster,2020-08-14,0.0,2.0,3.0,5.0,10.0,inferred
Westminster,2020-08-15,0.0,2.0,3.0,5.0,10.0,inferred
Westminster,2020-08-16,0.0,2.0,3.0,5.0,11.0,inferred
Westminster,2020-08-17,0.0,2.0,4.0,6.0,11.0,inferred
Westminster,2020-08-18,0.0,2.0,4.0,6.0,12.0,inferred
Westminster,2020-08-19,0.0,2.0,4.0,7.0,12.0,inferred
Westminster,2020-08-20,0.0,2.0,4.0,7.0,13.0,inferred
Westminster,2020-08-21,0.0,3.0,5.0,7.0,13.0,inferred
Westminster,2020-08-22,0.0,3.0,5.0,7.0,13.0,inferred
Westminster,2020-08-23,0.0,3.0,5.0,7.0,13.0,inferred
Westminster,2020-08-24,1.0,3.0,5.0,8.0,14.0,inferred
Westminster,2020-08-25,1.0,3.0,5.5,8.0,15.0,inferred
Westminster,2020-08-26,1.0,4.0,6.0,8.0,14.0,inferred
Westminster,2020-08-27,1.0,4.0,6.0,9.0,16.0,inferred
Westminster,2020-08-28,1.0,4.0,6.0,9.0,16.0,inferred
Westminster,2020-08-29,1.0,4.0,6.0,9.0,17.0,inferred
Westminster,2020-08-30,1.0,4.0,7.0,9.0,16.0,inferred
Westminster,2020-08-31,1.0,4.0,7.0,10.0,16.0,inferred
Westminster,2020-09-01,2.0,5.0,7.0,10.0,18.0,inferred
Westminster,2020-09-02,2.0,5.0,8.0,11.0,18.0,inferred
Westminster,2020-09-03,2.0,6.0,8.0,11.0,18.0,inferred
Westminster,2020-09-04,2.0,5.0,8.0,11.0,18.0,inferred
Westminster,2020-09-05,2.0,5.0,8.0,11.0,18.0,inferred
Westminster,2020-09-06,1.0,5.0,7.0,11.0,18.0,inferred
Westminster,2020-09-07,1.0,5.0,7.0,10.0,17.0,inferred
Westminster,2020-09-08,1.0,5.0,7.0,10.0,17.0,inferred
Westminster,2020-09-09,1.0,4.0,7.0,10.0,17.0,inferred
Westminster,2020-09-10,1.0,4.0,6.0,9.0,16.0,inferred
Westminster,2020-09-11,1.0,4.0,6.0,9.0,16.0,inferred
Westminster,2020-09-12,1.0,4.0,6.0,9.0,16.0,inferred
Westminster,2020-09-13,1.0,4.0,6.0,9.0,16.0,inferred
Westminster,2020-09-14,1.0,4.0,7.0,10.0,16.0,inferred
Westminster,2020-09-15,1.0,5.0,7.0,10.0,17.0,inferred
Westminster,2020-09-16,2.0,5.0,8.0,11.0,18.0,inferred
Westminster,2020-09-17,2.0,5.0,8.0,11.0,19.0,inferred
Westminster,2020-09-18,2.0,6.0,8.0,12.0,19.0,inferred
Westminster,2020-09-19,2.0,6.0,9.0,12.0,19.0,inferred
Westminster,2020-09-20,2.0,7.0,9.0,13.0,21.0,inferred
Westminster,2020-09-21,3.0,7.0,10.0,13.0,22.0,inferred
Westminster,2020-09-22,3.0,8.0,11.0,14.0,23.0,inferred
Westminster,2020-09-23,3.0,8.0,12.0,15.0,24.0,inferred
Westminster,2020-09-24,4.0,9.0,12.0,16.0,25.0,inferred
Westminster,2020-09-25,5.0,10.0,13.0,17.0,26.0,inferred
Westminster,2020-09-26,6.0,11.0,14.0,19.0,28.0,inferred
Westminster,2020-09-27,7.0,12.0,16.0,20.0,30.0,inferred
Westminster,2020-09-28,7.0,13.0,17.0,22.0,32.0,inferred
Westminster,2020-09-29,8.0,15.0,19.0,23.0,33.0,inferred
Westminster,2020-09-30,9.0,16.0,21.0,26.0,36.0,inferred
Westminster,2020-10-01,11.0,18.0,23.0,27.0,38.0,inferred
Westminster,2020-10-02,12.0,20.0,24.5,30.0,42.0,inferred
Westminster,2020-10-03,13.0,22.0,26.0,32.0,44.0,inferred
Westminster,2020-10-04,14.0,23.0,28.0,34.0,46.0,inferred
Westminster,2020-10-05,15.0,24.0,29.0,35.0,47.0,inferred
Westminster,2020-10-06,16.0,25.0,30.0,36.0,50.0,inferred
Westminster,2020-10-07,17.0,26.0,32.0,38.0,51.0,inferred
Westminster,2020-10-08,17.0,27.0,32.0,38.0,52.0,inferred
Westminster,2020-10-09,18.0,27.0,33.0,40.0,54.0,inferred
Westminster,2020-10-10,19.0,28.0,34.0,40.0,55.0,inferred
Westminster,2020-10-11,20.0,29.0,35.0,42.0,58.0,inferred
Westminster,2020-10-12,22.0,32.0,38.0,46.0,61.0,inferred
Westminster,2020-10-13,24.0,34.0,41.0,49.0,66.0,inferred
Westminster,2020-10-14,26.0,36.0,43.0,51.0,71.0,inferred
Westminster,2020-10-15,27.0,38.8,45.0,53.0,70.0,inferred
Westminster,2020-10-16,28.0,40.0,47.0,55.0,74.0,inferred
Westminster,2020-10-17,29.0,41.0,48.0,56.0,75.0,inferred
Westminster,2020-10-18,30.0,42.0,49.0,58.0,79.0,inferred
Westminster,2020-10-19,30.0,43.0,51.0,60.0,81.0,inferred
Westminster,2020-10-20,31.0,44.0,53.0,63.0,84.0,inferred
Westminster,2020-10-21,33.0,46.0,55.0,65.0,87.0,inferred
Westminster,2020-10-22,35.0,48.0,57.0,66.0,85.0,inferred
Westminster,2020-10-23,36.0,49.0,58.0,68.0,87.0,inferred
Westminster,2020-10-24,37.0,51.0,59.0,69.0,89.0,inferred
Westminster,2020-10-25,38.0,52.0,62.0,71.0,93.0,inferred
Westminster,2020-10-26,38.0,53.0,62.0,73.0,98.0,inferred
Westminster,2020-10-27,40.0,55.0,64.0,75.0,102.0,inferred
Westminster,2020-10-28,40.0,56.0,66.0,77.0,106.0,inferred
Westminster,2020-10-29,40.0,58.0,68.0,80.0,107.0,inferred
Westminster,2020-10-30,42.0,58.0,69.0,81.0,110.0,inferred
Wiltshire,2020-08-01,0.0,1.0,3.0,5.0,10.0,inferred
Wiltshire,2020-08-02,0.0,1.0,3.0,5.0,10.0,inferred
Wiltshire,2020-08-03,0.0,1.0,3.0,5.0,10.0,inferred
Wiltshire,2020-08-04,0.0,1.0,3.0,4.2,9.0,inferred
Wiltshire,2020-08-05,0.0,1.0,3.0,4.0,9.0,inferred
Wiltshire,2020-08-06,0.0,1.0,2.0,4.0,9.0,inferred
Wiltshire,2020-08-07,0.0,1.0,2.0,4.0,8.0,inferred
Wiltshire,2020-08-08,0.0,1.0,2.0,4.0,9.0,inferred
Wiltshire,2020-08-09,0.0,1.0,2.0,4.0,10.0,inferred
Wiltshire,2020-08-10,0.0,1.0,3.0,5.0,10.0,inferred
Wiltshire,2020-08-11,0.0,2.0,3.0,5.0,11.0,inferred
Wiltshire,2020-08-12,0.0,2.0,3.0,5.0,11.0,inferred
Wiltshire,2020-08-13,0.0,2.0,4.0,6.0,11.0,inferred
Wiltshire,2020-08-14,0.0,2.0,3.0,5.0,11.0,inferred
Wiltshire,2020-08-15,0.0,2.0,3.0,5.0,10.0,inferred
Wiltshire,2020-08-16,0.0,2.0,3.0,5.0,10.0,inferred
Wiltshire,2020-08-17,0.0,1.0,3.0,5.0,10.0,inferred
Wiltshire,2020-08-18,0.0,1.0,3.0,5.0,10.0,inferred
Wiltshire,2020-08-19,0.0,1.0,2.0,5.0,10.0,inferred
Wiltshire,2020-08-20,0.0,1.0,2.0,4.0,9.0,inferred
Wiltshire,2020-08-21,0.0,1.0,2.0,4.0,9.0,inferred
Wiltshire,2020-08-22,0.0,1.0,2.0,4.0,9.0,inferred
Wiltshire,2020-08-23,0.0,1.0,2.0,4.0,9.0,inferred
Wiltshire,2020-08-24,0.0,1.0,3.0,5.0,10.0,inferred
Wiltshire,2020-08-25,0.0,2.0,3.0,5.0,10.0,inferred
Wiltshire,2020-08-26,0.0,2.0,4.0,6.0,12.0,inferred
Wiltshire,2020-08-27,0.0,2.0,4.0,7.0,12.0,inferred
Wiltshire,2020-08-28,1.0,3.0,5.0,7.0,13.0,inferred
Wiltshire,2020-08-29,1.0,3.0,6.0,8.0,14.0,inferred
Wiltshire,2020-08-30,1.0,4.0,7.0,9.0,16.0,inferred
Wiltshire,2020-08-31,2.0,5.0,8.0,11.0,18.0,inferred
Wiltshire,2020-09-01,2.0,6.0,9.0,12.0,20.0,inferred
Wiltshire,2020-09-02,3.0,7.0,10.0,13.0,20.0,inferred
Wiltshire,2020-09-03,3.0,7.0,10.0,13.0,21.0,inferred
Wiltshire,2020-09-04,3.0,7.0,9.0,13.0,20.0,inferred
Wiltshire,2020-09-05,2.0,6.0,9.0,12.0,19.0,inferred
Wiltshire,2020-09-06,2.0,6.0,8.0,11.0,18.0,inferred
Wiltshire,2020-09-07,2.0,5.0,7.0,10.0,17.0,inferred
Wiltshire,2020-09-08,1.0,5.0,7.0,10.0,17.0,inferred
Wiltshire,2020-09-09,1.0,5.0,7.0,10.0,16.0,inferred
Wiltshire,2020-09-10,1.0,5.0,7.0,10.0,16.0,inferred
Wiltshire,2020-09-11,1.0,5.0,7.0,10.0,16.0,inferred
Wiltshire,2020-09-12,2.0,4.0,7.0,10.0,17.0,inferred
Wiltshire,2020-09-13,1.0,4.0,7.0,10.0,17.0,inferred
Wiltshire,2020-09-14,1.0,4.0,7.0,10.0,18.0,inferred
Wiltshire,2020-09-15,1.0,4.0,7.0,10.0,17.0,inferred
Wiltshire,2020-09-16,1.0,5.0,7.0,10.0,18.0,inferred
Wiltshire,2020-09-17,1.0,5.0,7.0,11.0,18.0,inferred
Wiltshire,2020-09-18,2.0,5.0,8.0,11.0,19.0,inferred
Wiltshire,2020-09-19,2.0,5.8,8.0,11.0,19.0,inferred
Wiltshire,2020-09-20,2.0,6.0,9.0,12.0,20.0,inferred
Wiltshire,2020-09-21,2.0,6.0,9.0,12.0,20.0,inferred
Wiltshire,2020-09-22,3.0,7.0,10.0,13.0,21.0,inferred
Wiltshire,2020-09-23,3.0,7.0,10.0,14.0,22.0,inferred
Wiltshire,2020-09-24,3.0,8.0,11.0,15.0,23.0,inferred
Wiltshire,2020-09-25,4.0,9.0,12.0,16.0,25.0,inferred
Wiltshire,2020-09-26,5.0,10.0,14.0,18.0,26.0,inferred
Wiltshire,2020-09-27,6.0,12.0,16.0,20.0,29.0,inferred
Wiltshire,2020-09-28,7.0,13.0,17.0,21.0,31.0,inferred
Wiltshire,2020-09-29,8.0,15.0,19.0,23.0,33.0,inferred
Wiltshire,2020-09-30,9.0,16.0,20.0,25.0,36.0,inferred
Wiltshire,2020-10-01,10.0,17.0,22.0,27.0,38.0,inferred
Wiltshire,2020-10-02,12.0,19.0,24.0,29.0,41.0,inferred
Wiltshire,2020-10-03,13.0,21.0,26.0,31.0,42.0,inferred
Wiltshire,2020-10-04,15.0,23.0,28.0,34.0,45.0,inferred
Wiltshire,2020-10-05,16.0,25.0,31.0,37.0,50.0,inferred
Wiltshire,2020-10-06,17.0,27.0,33.0,39.0,54.0,inferred
Wiltshire,2020-10-07,20.0,29.0,35.0,42.0,58.0,inferred
Wiltshire,2020-10-08,20.0,31.0,36.0,44.0,59.0,inferred
Wiltshire,2020-10-09,22.0,32.0,38.0,46.0,61.0,inferred
Wiltshire,2020-10-10,22.0,33.0,40.0,48.0,66.0,inferred
Wiltshire,2020-10-11,24.0,35.0,42.0,50.0,68.0,inferred
Wiltshire,2020-10-12,25.0,36.8,43.5,52.0,70.0,inferred
Wiltshire,2020-10-13,27.0,38.0,46.0,54.0,71.0,inferred
Wiltshire,2020-10-14,28.0,40.0,48.0,55.0,72.0,inferred
Wiltshire,2020-10-15,30.0,42.0,49.0,56.0,72.0,inferred
Wiltshire,2020-10-16,32.0,44.0,51.0,58.0,74.0,inferred
Wiltshire,2020-10-17,34.0,46.0,53.0,61.0,76.0,inferred
Wiltshire,2020-10-18,35.0,47.0,55.0,63.0,83.0,inferred
Wiltshire,2020-10-19,37.0,50.0,59.0,68.0,91.0,inferred
Wiltshire,2020-10-20,37.0,54.0,63.0,73.0,94.0,inferred
Wiltshire,2020-10-21,38.0,55.0,65.0,76.0,100.0,inferred
Wiltshire,2020-10-22,41.0,57.0,67.0,77.0,102.0,inferred
Wiltshire,2020-10-23,43.0,58.0,68.0,78.0,102.0,inferred
Wiltshire,2020-10-24,46.0,60.0,69.0,79.0,101.0,inferred
Wiltshire,2020-10-25,47.0,61.0,70.0,80.0,100.0,inferred
Wiltshire,2020-10-26,48.0,62.0,71.0,81.0,101.0,inferred
Wiltshire,2020-10-27,48.0,63.0,72.0,82.0,102.0,inferred
Wiltshire,2020-10-28,50.0,65.0,74.0,84.0,103.0,inferred
Wiltshire,2020-10-29,49.0,66.0,75.0,86.0,107.0,inferred
Wiltshire,2020-10-30,48.0,65.0,76.0,89.0,112.0,inferred
Winchester,2020-08-01,0.0,0.0,0.0,1.0,3.0,inferred
Winchester,2020-08-02,0.0,0.0,0.0,1.0,4.0,inferred
Winchester,2020-08-03,0.0,0.0,0.0,1.0,3.0,inferred
Winchester,2020-08-04,0.0,0.0,0.0,1.0,3.0,inferred
Winchester,2020-08-05,0.0,0.0,0.0,0.0,3.0,inferred
Winchester,2020-08-06,0.0,0.0,0.0,0.0,3.0,inferred
Winchester,2020-08-07,0.0,0.0,0.0,0.0,3.0,inferred
Winchester,2020-08-08,0.0,0.0,0.0,0.0,3.0,inferred
Winchester,2020-08-09,0.0,0.0,0.0,1.0,3.0,inferred
Winchester,2020-08-10,0.0,0.0,0.0,1.0,3.0,inferred
Winchester,2020-08-11,0.0,0.0,0.0,1.0,3.0,inferred
Winchester,2020-08-12,0.0,0.0,0.0,1.0,3.0,inferred
Winchester,2020-08-13,0.0,0.0,0.0,1.0,4.0,inferred
Winchester,2020-08-14,0.0,0.0,0.0,1.0,4.0,inferred
Winchester,2020-08-15,0.0,0.0,0.0,1.0,4.0,inferred
Winchester,2020-08-16,0.0,0.0,0.0,1.0,4.0,inferred
Winchester,2020-08-17,0.0,0.0,0.0,1.0,5.0,inferred
Winchester,2020-08-18,0.0,0.0,0.0,1.0,5.0,inferred
Winchester,2020-08-19,0.0,0.0,1.0,2.0,5.0,inferred
Winchester,2020-08-20,0.0,0.0,1.0,2.0,6.0,inferred
Winchester,2020-08-21,0.0,0.0,1.0,2.0,6.0,inferred
Winchester,2020-08-22,0.0,0.0,1.0,2.0,6.0,inferred
Winchester,2020-08-23,0.0,0.0,1.0,2.0,6.0,inferred
Winchester,2020-08-24,0.0,0.0,1.0,2.0,6.0,inferred
Winchester,2020-08-25,0.0,0.0,1.0,3.0,6.0,inferred
Winchester,2020-08-26,0.0,0.0,1.0,3.0,7.0,inferred
Winchester,2020-08-27,0.0,0.0,1.0,3.0,7.0,inferred
Winchester,2020-08-28,0.0,0.0,1.0,3.0,7.0,inferred
Winchester,2020-08-29,0.0,0.0,1.0,3.0,7.0,inferred
Winchester,2020-08-30,0.0,0.0,1.0,3.0,6.0,inferred
Winchester,2020-08-31,0.0,0.0,1.0,2.0,6.0,inferred
Winchester,2020-09-01,0.0,0.0,1.0,2.0,6.0,inferred
Winchester,2020-09-02,0.0,0.0,1.0,2.0,6.0,inferred
Winchester,2020-09-03,0.0,0.0,1.0,2.0,6.0,inferred
Winchester,2020-09-04,0.0,0.0,1.0,2.0,6.0,inferred
Winchester,2020-09-05,0.0,0.0,1.0,2.0,6.0,inferred
Winchester,2020-09-06,0.0,0.0,1.0,2.0,6.0,inferred
Winchester,2020-09-07,0.0,0.0,1.0,2.0,6.0,inferred
Winchester,2020-09-08,0.0,0.0,1.0,2.0,6.0,inferred
Winchester,2020-09-09,0.0,0.0,1.0,2.0,6.0,inferred
Winchester,2020-09-10,0.0,0.0,1.0,2.0,6.0,inferred
Winchester,2020-09-11,0.0,0.0,1.0,2.0,6.0,inferred
Winchester,2020-09-12,0.0,0.0,1.0,2.0,6.0,inferred
Winchester,2020-09-13,0.0,0.0,1.0,2.0,6.0,inferred
Winchester,2020-09-14,0.0,0.0,1.0,2.0,6.0,inferred
Winchester,2020-09-15,0.0,0.0,1.0,3.0,6.0,inferred
Winchester,2020-09-16,0.0,0.0,1.0,3.0,7.0,inferred
Winchester,2020-09-17,0.0,0.0,1.0,3.0,7.0,inferred
Winchester,2020-09-18,0.0,1.0,2.0,3.0,8.0,inferred
Winchester,2020-09-19,0.0,1.0,2.0,4.0,9.0,inferred
Winchester,2020-09-20,0.0,1.0,2.0,4.0,9.0,inferred
Winchester,2020-09-21,0.0,1.0,2.0,4.0,9.0,inferred
Winchester,2020-09-22,0.0,1.0,3.0,5.0,10.0,inferred
Winchester,2020-09-23,0.0,2.0,3.0,5.0,11.0,inferred
Winchester,2020-09-24,0.0,2.0,4.0,6.0,12.0,inferred
Winchester,2020-09-25,0.0,2.0,4.0,6.0,12.0,inferred
Winchester,2020-09-26,0.0,3.0,4.0,7.0,13.0,inferred
Winchester,2020-09-27,1.0,3.0,5.0,8.0,14.0,inferred
Winchester,2020-09-28,1.0,3.0,6.0,8.0,14.0,inferred
Winchester,2020-09-29,1.0,4.0,6.0,9.0,15.0,inferred
Winchester,2020-09-30,1.0,5.0,7.0,10.0,16.0,inferred
Winchester,2020-10-01,2.0,5.0,7.0,10.0,18.0,inferred
Winchester,2020-10-02,2.0,6.0,8.0,11.0,19.0,inferred
Winchester,2020-10-03,2.0,6.0,9.0,12.0,19.0,inferred
Winchester,2020-10-04,3.0,7.0,9.0,13.0,20.0,inferred
Winchester,2020-10-05,3.0,7.0,10.0,14.0,22.0,inferred
Winchester,2020-10-06,3.0,8.0,11.0,14.0,22.0,inferred
Winchester,2020-10-07,3.0,8.0,11.0,15.0,25.0,inferred
Winchester,2020-10-08,4.0,9.0,12.0,16.0,26.0,inferred
Winchester,2020-10-09,4.0,9.0,13.0,17.0,26.0,inferred
Winchester,2020-10-10,4.0,10.0,13.0,17.0,27.0,inferred
Winchester,2020-10-11,5.0,11.0,14.0,18.0,28.0,inferred
Winchester,2020-10-12,6.0,11.0,15.0,19.0,30.0,inferred
Winchester,2020-10-13,6.0,12.0,16.0,20.0,31.0,inferred
Winchester,2020-10-14,6.0,13.0,17.0,22.0,32.0,inferred
Winchester,2020-10-15,8.0,14.0,18.0,23.0,33.0,inferred
Winchester,2020-10-16,7.0,14.0,18.0,23.0,33.0,inferred
Winchester,2020-10-17,8.0,15.0,19.0,24.0,34.0,inferred
Winchester,2020-10-18,8.0,15.0,19.0,24.0,36.0,inferred
Winchester,2020-10-19,9.0,16.0,20.0,25.0,36.0,inferred
Winchester,2020-10-20,9.0,17.0,21.0,26.0,38.0,inferred
Winchester,2020-10-21,10.0,18.0,22.0,28.0,40.0,inferred
Winchester,2020-10-22,11.0,18.0,23.0,28.0,42.0,inferred
Winchester,2020-10-23,11.0,19.0,24.0,29.0,44.0,inferred
Winchester,2020-10-24,12.0,19.0,24.0,30.0,45.0,inferred
Winchester,2020-10-25,12.0,19.0,24.0,30.0,45.0,inferred
Winchester,2020-10-26,11.0,20.0,25.0,31.0,46.0,inferred
Winchester,2020-10-27,12.0,20.0,25.0,32.0,46.0,inferred
Winchester,2020-10-28,13.0,21.0,26.0,33.0,49.0,inferred
Winchester,2020-10-29,12.0,21.0,27.0,35.0,51.0,inferred
Winchester,2020-10-30,12.0,22.0,29.0,38.0,55.0,inferred
Windsor and Maidenhead,2020-08-01,0.0,0.0,1.0,2.0,6.0,inferred
Windsor and Maidenhead,2020-08-02,0.0,0.0,1.0,2.0,6.0,inferred
Windsor and Maidenhead,2020-08-03,0.0,0.0,1.0,2.0,6.0,inferred
Windsor and Maidenhead,2020-08-04,0.0,0.0,1.0,2.0,6.0,inferred
Windsor and Maidenhead,2020-08-05,0.0,0.0,1.0,2.0,6.0,inferred
Windsor and Maidenhead,2020-08-06,0.0,0.0,1.0,2.0,6.0,inferred
Windsor and Maidenhead,2020-08-07,0.0,0.0,1.0,2.0,6.0,inferred
Windsor and Maidenhead,2020-08-08,0.0,0.0,1.0,2.0,6.0,inferred
Windsor and Maidenhead,2020-08-09,0.0,0.0,1.0,2.0,6.0,inferred
Windsor and Maidenhead,2020-08-10,0.0,0.0,1.0,2.0,6.0,inferred
Windsor and Maidenhead,2020-08-11,0.0,0.0,1.0,3.0,7.0,inferred
Windsor and Maidenhead,2020-08-12,0.0,0.0,1.0,3.0,8.0,inferred
Windsor and Maidenhead,2020-08-13,0.0,1.0,2.0,3.0,8.0,inferred
Windsor and Maidenhead,2020-08-14,0.0,1.0,2.0,4.0,9.0,inferred
Windsor and Maidenhead,2020-08-15,0.0,1.0,3.0,4.0,9.0,inferred
Windsor and Maidenhead,2020-08-16,0.0,2.0,3.0,5.0,10.0,inferred
Windsor and Maidenhead,2020-08-17,0.0,2.0,3.0,6.0,11.0,inferred
Windsor and Maidenhead,2020-08-18,0.0,2.0,4.0,6.0,12.0,inferred
Windsor and Maidenhead,2020-08-19,0.0,2.0,4.0,6.0,12.0,inferred
Windsor and Maidenhead,2020-08-20,0.0,2.0,4.0,6.0,12.0,inferred
Windsor and Maidenhead,2020-08-21,0.0,2.0,4.0,6.0,12.0,inferred
Windsor and Maidenhead,2020-08-22,0.0,2.0,4.0,6.0,12.0,inferred
Windsor and Maidenhead,2020-08-23,0.0,2.0,4.0,6.0,11.0,inferred
Windsor and Maidenhead,2020-08-24,0.0,2.0,4.0,6.0,12.0,inferred
Windsor and Maidenhead,2020-08-25,0.0,2.0,4.0,6.0,11.0,inferred
Windsor and Maidenhead,2020-08-26,0.0,2.0,4.0,6.0,12.0,inferred
Windsor and Maidenhead,2020-08-27,0.0,2.0,4.0,6.0,12.0,inferred
Windsor and Maidenhead,2020-08-28,0.0,2.0,4.0,6.0,11.0,inferred
Windsor and Maidenhead,2020-08-29,0.0,2.0,4.0,6.0,11.0,inferred
Windsor and Maidenhead,2020-08-30,0.0,2.0,4.0,6.0,11.0,inferred
Windsor and Maidenhead,2020-08-31,0.0,2.0,4.0,6.0,12.0,inferred
Windsor and Maidenhead,2020-09-01,0.0,2.0,4.0,6.0,12.0,inferred
Windsor and Maidenhead,2020-09-02,0.0,2.0,4.0,7.0,13.0,inferred
Windsor and Maidenhead,2020-09-03,0.0,3.0,5.0,7.0,14.0,inferred
Windsor and Maidenhead,2020-09-04,0.0,3.0,5.0,8.0,15.0,inferred
Windsor and Maidenhead,2020-09-05,1.0,3.0,6.0,8.0,15.0,inferred
Windsor and Maidenhead,2020-09-06,1.0,4.0,6.0,9.0,15.0,inferred
Windsor and Maidenhead,2020-09-07,1.0,4.0,6.0,9.0,16.0,inferred
Windsor and Maidenhead,2020-09-08,1.0,4.0,7.0,10.0,17.0,inferred
Windsor and Maidenhead,2020-09-09,2.0,5.0,7.0,10.0,17.0,inferred
Windsor and Maidenhead,2020-09-10,1.0,5.0,7.0,10.0,17.0,inferred
Windsor and Maidenhead,2020-09-11,1.0,5.0,7.0,10.0,17.0,inferred
Windsor and Maidenhead,2020-09-12,1.0,4.0,6.0,9.0,16.0,inferred
Windsor and Maidenhead,2020-09-13,1.0,3.0,6.0,8.0,15.0,inferred
Windsor and Maidenhead,2020-09-14,1.0,3.0,5.0,8.0,14.0,inferred
Windsor and Maidenhead,2020-09-15,0.0,3.0,5.0,7.0,13.0,inferred
Windsor and Maidenhead,2020-09-16,0.0,3.0,4.0,7.0,13.0,inferred
Windsor and Maidenhead,2020-09-17,0.0,3.0,5.0,7.0,13.0,inferred
Windsor and Maidenhead,2020-09-18,0.0,3.0,5.0,7.0,13.0,inferred
Windsor and Maidenhead,2020-09-19,1.0,3.0,5.0,8.0,14.0,inferred
Windsor and Maidenhead,2020-09-20,1.0,3.0,6.0,8.0,15.0,inferred
Windsor and Maidenhead,2020-09-21,1.0,4.0,6.0,9.0,15.0,inferred
Windsor and Maidenhead,2020-09-22,1.0,4.0,6.0,9.0,15.0,inferred
Windsor and Maidenhead,2020-09-23,1.0,4.0,7.0,9.0,16.0,inferred
Windsor and Maidenhead,2020-09-24,2.0,5.0,7.0,10.0,17.0,inferred
Windsor and Maidenhead,2020-09-25,2.0,5.0,8.0,11.0,18.0,inferred
Windsor and Maidenhead,2020-09-26,3.0,6.0,9.0,12.0,20.0,inferred
Windsor and Maidenhead,2020-09-27,3.0,7.0,10.0,13.0,21.0,inferred
Windsor and Maidenhead,2020-09-28,4.0,8.0,11.0,15.0,24.0,inferred
Windsor and Maidenhead,2020-09-29,5.0,10.0,13.0,17.0,26.0,inferred
Windsor and Maidenhead,2020-09-30,5.0,11.0,15.0,18.0,27.0,inferred
Windsor and Maidenhead,2020-10-01,6.0,12.0,16.0,20.0,31.0,inferred
Windsor and Maidenhead,2020-10-02,7.0,14.0,17.0,22.0,33.0,inferred
Windsor and Maidenhead,2020-10-03,9.0,15.0,19.0,24.0,35.0,inferred
Windsor and Maidenhead,2020-10-04,9.0,16.0,21.0,26.0,38.0,inferred
Windsor and Maidenhead,2020-10-05,11.0,18.0,23.0,28.0,39.0,inferred
Windsor and Maidenhead,2020-10-06,11.0,19.0,24.0,29.0,41.0,inferred
Windsor and Maidenhead,2020-10-07,11.0,19.0,24.0,30.0,41.0,inferred
Windsor and Maidenhead,2020-10-08,12.0,20.0,25.0,30.0,42.0,inferred
Windsor and Maidenhead,2020-10-09,12.0,20.0,25.0,30.0,42.0,inferred
Windsor and Maidenhead,2020-10-10,12.0,20.0,25.0,30.2,42.0,inferred
Windsor and Maidenhead,2020-10-11,12.0,21.0,26.0,32.0,43.0,inferred
Windsor and Maidenhead,2020-10-12,13.0,22.0,27.0,33.0,45.0,inferred
Windsor and Maidenhead,2020-10-13,13.0,22.0,28.0,33.0,46.0,inferred
Windsor and Maidenhead,2020-10-14,15.0,23.0,29.0,34.0,47.0,inferred
Windsor and Maidenhead,2020-10-15,15.0,23.0,29.0,34.0,47.0,inferred
Windsor and Maidenhead,2020-10-16,15.0,24.0,29.0,35.0,46.0,inferred
Windsor and Maidenhead,2020-10-17,15.0,24.0,29.0,34.0,46.0,inferred
Windsor and Maidenhead,2020-10-18,15.0,23.0,29.0,35.0,47.0,inferred
Windsor and Maidenhead,2020-10-19,15.0,24.0,29.0,35.0,48.0,inferred
Windsor and Maidenhead,2020-10-20,15.0,24.0,29.0,36.0,49.0,inferred
Windsor and Maidenhead,2020-10-21,15.0,24.0,30.0,36.0,48.0,inferred
Windsor and Maidenhead,2020-10-22,15.0,24.0,30.0,36.0,47.0,inferred
Windsor and Maidenhead,2020-10-23,15.0,24.0,29.0,35.0,48.0,inferred
Windsor and Maidenhead,2020-10-24,16.0,25.0,30.0,35.0,49.0,inferred
Windsor and Maidenhead,2020-10-25,16.0,24.0,30.0,36.0,48.0,inferred
Windsor and Maidenhead,2020-10-26,17.0,25.0,30.0,36.0,49.0,inferred
Windsor and Maidenhead,2020-10-27,17.0,25.0,31.0,37.0,48.0,inferred
Windsor and Maidenhead,2020-10-28,17.0,26.8,32.0,38.0,50.0,inferred
Windsor and Maidenhead,2020-10-29,18.0,27.0,33.0,39.0,52.0,inferred
Windsor and Maidenhead,2020-10-30,18.0,28.0,34.0,41.0,55.0,inferred
Woking,2020-08-01,0.0,0.0,1.0,2.0,6.0,inferred
Woking,2020-08-02,0.0,0.0,1.0,2.0,6.0,inferred
Woking,2020-08-03,0.0,0.0,1.0,2.0,6.0,inferred
Woking,2020-08-04,0.0,0.0,1.0,2.0,6.0,inferred
Woking,2020-08-05,0.0,0.0,1.0,2.0,5.0,inferred
Woking,2020-08-06,0.0,0.0,1.0,2.0,5.0,inferred
Woking,2020-08-07,0.0,0.0,1.0,2.0,5.0,inferred
Woking,2020-08-08,0.0,0.0,1.0,2.0,7.0,inferred
Woking,2020-08-09,0.0,0.0,1.0,3.0,7.0,inferred
Woking,2020-08-10,0.0,1.0,2.0,3.0,8.0,inferred
Woking,2020-08-11,0.0,1.0,2.0,3.0,8.0,inferred
Woking,2020-08-12,0.0,1.0,2.0,3.0,8.0,inferred
Woking,2020-08-13,0.0,1.0,2.0,4.0,8.0,inferred
Woking,2020-08-14,0.0,1.0,2.0,3.0,8.0,inferred
Woking,2020-08-15,0.0,1.0,2.0,3.0,8.0,inferred
Woking,2020-08-16,0.0,0.0,1.0,3.0,7.0,inferred
Woking,2020-08-17,0.0,0.0,1.0,3.0,7.0,inferred
Woking,2020-08-18,0.0,0.0,1.0,2.0,7.0,inferred
Woking,2020-08-19,0.0,0.0,1.0,2.0,6.0,inferred
Woking,2020-08-20,0.0,0.0,1.0,2.0,5.0,inferred
Woking,2020-08-21,0.0,0.0,1.0,2.0,6.0,inferred
Woking,2020-08-22,0.0,0.0,1.0,2.0,5.0,inferred
Woking,2020-08-23,0.0,0.0,1.0,2.0,6.0,inferred
Woking,2020-08-24,0.0,0.0,1.0,2.0,6.0,inferred
Woking,2020-08-25,0.0,0.0,1.0,2.0,6.0,inferred
Woking,2020-08-26,0.0,0.0,1.0,2.0,6.0,inferred
Woking,2020-08-27,0.0,0.0,1.0,2.0,6.0,inferred
Woking,2020-08-28,0.0,0.0,1.0,2.0,6.0,inferred
Woking,2020-08-29,0.0,0.0,1.0,2.0,6.0,inferred
Woking,2020-08-30,0.0,0.0,1.0,2.0,6.0,inferred
Woking,2020-08-31,0.0,0.0,1.0,3.0,7.0,inferred
Woking,2020-09-01,0.0,0.0,1.0,3.0,7.0,inferred
Woking,2020-09-02,0.0,1.0,2.0,3.0,7.0,inferred
Woking,2020-09-03,0.0,1.0,2.0,3.0,8.0,inferred
Woking,2020-09-04,0.0,1.0,2.0,4.0,8.0,inferred
Woking,2020-09-05,0.0,1.0,2.0,4.0,9.0,inferred
Woking,2020-09-06,0.0,1.0,2.0,4.0,9.0,inferred
Woking,2020-09-07,0.0,1.0,3.0,4.0,9.0,inferred
Woking,2020-09-08,0.0,1.0,3.0,5.0,10.0,inferred
Woking,2020-09-09,0.0,1.0,3.0,5.0,10.0,inferred
Woking,2020-09-10,0.0,1.0,3.0,5.0,9.0,inferred
Woking,2020-09-11,0.0,1.0,3.0,4.0,9.0,inferred
Woking,2020-09-12,0.0,1.0,2.0,4.0,9.0,inferred
Woking,2020-09-13,0.0,1.0,2.0,4.0,9.0,inferred
Woking,2020-09-14,0.0,1.0,2.0,4.0,9.0,inferred
Woking,2020-09-15,0.0,1.0,3.0,4.0,9.0,inferred
Woking,2020-09-16,0.0,1.0,2.0,4.0,9.0,inferred
Woking,2020-09-17,0.0,1.0,3.0,5.0,10.0,inferred
Woking,2020-09-18,0.0,1.0,3.0,5.0,10.0,inferred
Woking,2020-09-19,0.0,2.0,3.0,5.0,10.0,inferred
Woking,2020-09-20,0.0,2.0,3.0,5.0,11.0,inferred
Woking,2020-09-21,0.0,2.0,4.0,6.0,12.0,inferred
Woking,2020-09-22,0.0,2.0,4.0,6.0,12.0,inferred
Woking,2020-09-23,0.0,2.0,4.0,7.0,12.0,inferred
Woking,2020-09-24,0.0,3.0,4.0,7.0,12.0,inferred
Woking,2020-09-25,0.0,3.0,4.0,7.0,13.0,inferred
Woking,2020-09-26,0.0,3.0,5.0,7.0,14.0,inferred
Woking,2020-09-27,1.0,3.0,5.0,8.0,14.0,inferred
Woking,2020-09-28,1.0,4.0,6.0,9.0,15.0,inferred
Woking,2020-09-29,1.0,4.0,7.0,9.0,17.0,inferred
Woking,2020-09-30,1.0,5.0,7.0,10.0,18.0,inferred
Woking,2020-10-01,2.0,5.0,8.0,11.0,19.0,inferred
Woking,2020-10-02,2.0,6.0,9.0,12.0,20.0,inferred
Woking,2020-10-03,2.0,6.0,9.0,13.0,20.0,inferred
Woking,2020-10-04,3.0,7.0,9.0,13.0,20.0,inferred
Woking,2020-10-05,3.0,7.0,10.0,13.2,22.0,inferred
Woking,2020-10-06,3.0,7.0,11.0,14.0,23.0,inferred
Woking,2020-10-07,3.0,8.0,11.0,14.0,23.0,inferred
Woking,2020-10-08,3.0,8.0,11.0,14.0,22.0,inferred
Woking,2020-10-09,4.0,8.0,11.0,15.0,23.0,inferred
Woking,2020-10-10,4.0,8.0,11.0,15.0,23.0,inferred
Woking,2020-10-11,4.0,9.0,12.0,15.0,24.0,inferred
Woking,2020-10-12,4.0,9.0,12.0,15.2,24.0,inferred
Woking,2020-10-13,4.0,9.0,12.0,16.0,25.0,inferred
Woking,2020-10-14,4.0,9.0,13.0,17.0,25.0,inferred
Woking,2020-10-15,5.0,10.0,13.0,17.0,26.0,inferred
Woking,2020-10-16,5.0,10.0,13.0,17.0,25.0,inferred
Woking,2020-10-17,5.0,10.0,13.0,18.0,26.0,inferred
Woking,2020-10-18,5.0,11.0,14.0,18.0,27.0,inferred
Woking,2020-10-19,6.0,11.0,15.0,19.0,28.0,inferred
Woking,2020-10-20,6.0,12.0,15.0,20.0,28.0,inferred
Woking,2020-10-21,6.0,12.0,16.0,20.0,30.0,inferred
Woking,2020-10-22,7.0,12.0,16.0,20.0,31.0,inferred
Woking,2020-10-23,7.0,13.0,17.0,21.0,31.0,inferred
Woking,2020-10-24,8.0,14.0,18.0,22.0,33.0,inferred
Woking,2020-10-25,9.0,15.0,19.0,24.0,34.0,inferred
Woking,2020-10-26,10.0,16.0,20.0,24.0,36.0,inferred
Woking,2020-10-27,10.0,17.0,21.0,26.0,37.0,inferred
Woking,2020-10-28,10.0,17.0,22.0,27.0,38.0,inferred
Woking,2020-10-29,10.0,17.0,22.0,27.0,38.0,inferred
Woking,2020-10-30,9.0,17.0,22.0,27.0,40.0,inferred
Wokingham,2020-08-01,0.0,0.0,0.0,1.0,3.0,inferred
Wokingham,2020-08-02,0.0,0.0,0.0,1.0,4.0,inferred
Wokingham,2020-08-03,0.0,0.0,0.0,1.0,4.0,inferred
Wokingham,2020-08-04,0.0,0.0,0.0,1.0,4.0,inferred
Wokingham,2020-08-05,0.0,0.0,0.0,1.0,4.0,inferred
Wokingham,2020-08-06,0.0,0.0,0.0,1.0,4.0,inferred
Wokingham,2020-08-07,0.0,0.0,0.0,1.0,4.0,inferred
Wokingham,2020-08-08,0.0,0.0,0.0,1.0,4.0,inferred
Wokingham,2020-08-09,0.0,0.0,0.0,1.0,4.0,inferred
Wokingham,2020-08-10,0.0,0.0,0.0,1.0,5.0,inferred
Wokingham,2020-08-11,0.0,0.0,0.0,1.0,5.0,inferred
Wokingham,2020-08-12,0.0,0.0,0.0,1.0,5.0,inferred
Wokingham,2020-08-13,0.0,0.0,0.0,2.0,5.0,inferred
Wokingham,2020-08-14,0.0,0.0,1.0,2.0,5.0,inferred
Wokingham,2020-08-15,0.0,0.0,1.0,2.0,6.0,inferred
Wokingham,2020-08-16,0.0,0.0,1.0,2.0,6.0,inferred
Wokingham,2020-08-17,0.0,0.0,1.0,2.0,6.0,inferred
Wokingham,2020-08-18,0.0,0.0,1.0,2.0,6.0,inferred
Wokingham,2020-08-19,0.0,0.0,1.0,2.0,6.0,inferred
Wokingham,2020-08-20,0.0,0.0,1.0,2.0,6.0,inferred
Wokingham,2020-08-21,0.0,0.0,1.0,2.0,6.0,inferred
Wokingham,2020-08-22,0.0,0.0,1.0,2.0,6.0,inferred
Wokingham,2020-08-23,0.0,0.0,1.0,2.0,6.0,inferred
Wokingham,2020-08-24,0.0,0.0,1.0,2.0,6.0,inferred
Wokingham,2020-08-25,0.0,0.0,1.0,2.0,7.0,inferred
Wokingham,2020-08-26,0.0,0.0,1.0,3.0,6.0,inferred
Wokingham,2020-08-27,0.0,0.0,1.0,3.0,7.0,inferred
Wokingham,2020-08-28,0.0,0.0,1.0,3.0,7.0,inferred
Wokingham,2020-08-29,0.0,1.0,2.0,3.0,7.0,inferred
Wokingham,2020-08-30,0.0,1.0,2.0,3.0,8.0,inferred
Wokingham,2020-08-31,0.0,1.0,2.0,4.0,8.0,inferred
Wokingham,2020-09-01,0.0,1.0,2.0,4.0,8.0,inferred
Wokingham,2020-09-02,0.0,1.0,2.0,4.0,9.0,inferred
Wokingham,2020-09-03,0.0,1.0,2.0,4.0,8.0,inferred
Wokingham,2020-09-04,0.0,1.0,2.0,4.0,8.0,inferred
Wokingham,2020-09-05,0.0,1.0,2.0,4.0,8.0,inferred
Wokingham,2020-09-06,0.0,1.0,2.0,4.0,8.0,inferred
Wokingham,2020-09-07,0.0,1.0,2.0,4.0,9.0,inferred
Wokingham,2020-09-08,0.0,1.0,2.0,4.0,9.0,inferred
Wokingham,2020-09-09,0.0,1.0,2.0,4.0,9.0,inferred
Wokingham,2020-09-10,0.0,1.0,2.0,4.0,9.0,inferred
Wokingham,2020-09-11,0.0,1.0,2.0,4.0,9.0,inferred
Wokingham,2020-09-12,0.0,1.0,2.0,4.0,9.0,inferred
Wokingham,2020-09-13,0.0,1.0,2.0,4.0,9.0,inferred
Wokingham,2020-09-14,0.0,1.0,2.0,4.0,9.0,inferred
Wokingham,2020-09-15,0.0,1.0,2.0,4.0,9.0,inferred
Wokingham,2020-09-16,0.0,1.0,3.0,5.0,10.0,inferred
Wokingham,2020-09-17,0.0,2.0,3.0,5.0,10.0,inferred
Wokingham,2020-09-18,0.0,2.0,4.0,6.0,12.0,inferred
Wokingham,2020-09-19,0.0,2.0,4.0,6.2,12.0,inferred
Wokingham,2020-09-20,0.0,3.0,5.0,7.0,14.0,inferred
Wokingham,2020-09-21,1.0,3.0,5.0,8.0,14.0,inferred
Wokingham,2020-09-22,1.0,4.0,6.0,8.0,15.0,inferred
Wokingham,2020-09-23,1.0,4.0,6.0,9.0,15.0,inferred
Wokingham,2020-09-24,1.0,4.0,7.0,9.0,16.0,inferred
Wokingham,2020-09-25,1.0,5.0,7.0,10.0,16.0,inferred
Wokingham,2020-09-26,1.0,5.0,7.0,11.0,17.0,inferred
Wokingham,2020-09-27,2.0,5.0,8.0,11.0,18.0,inferred
Wokingham,2020-09-28,2.0,6.0,8.0,11.0,19.0,inferred
Wokingham,2020-09-29,2.0,6.0,9.0,12.0,19.0,inferred
Wokingham,2020-09-30,2.0,6.0,9.0,12.0,20.0,inferred
Wokingham,2020-10-01,3.0,7.0,10.0,13.0,20.0,inferred
Wokingham,2020-10-02,3.0,7.0,10.0,14.0,22.0,inferred
Wokingham,2020-10-03,3.0,8.0,11.0,14.0,22.0,inferred
Wokingham,2020-10-04,4.0,8.0,11.0,15.0,23.0,inferred
Wokingham,2020-10-05,4.0,9.0,12.0,16.0,24.0,inferred
Wokingham,2020-10-06,5.0,10.0,13.0,17.0,25.0,inferred
Wokingham,2020-10-07,5.0,10.0,14.0,18.0,27.0,inferred
Wokingham,2020-10-08,5.0,11.0,15.0,19.0,29.0,inferred
Wokingham,2020-10-09,6.0,12.0,16.0,20.0,30.0,inferred
Wokingham,2020-10-10,7.0,13.0,16.0,21.0,30.0,inferred
Wokingham,2020-10-11,7.0,13.0,17.0,21.0,30.0,inferred
Wokingham,2020-10-12,7.0,13.0,17.0,22.0,33.0,inferred
Wokingham,2020-10-13,8.0,14.0,18.0,23.0,33.0,inferred
Wokingham,2020-10-14,8.0,15.0,19.0,23.0,35.0,inferred
Wokingham,2020-10-15,9.0,15.0,19.0,24.0,34.0,inferred
Wokingham,2020-10-16,9.0,16.0,20.0,25.0,35.0,inferred
Wokingham,2020-10-17,10.0,16.8,21.0,25.0,36.0,inferred
Wokingham,2020-10-18,11.0,17.0,22.0,27.0,38.0,inferred
Wokingham,2020-10-19,12.0,18.0,23.0,27.0,39.0,inferred
Wokingham,2020-10-20,12.0,19.0,23.0,28.0,40.0,inferred
Wokingham,2020-10-21,12.0,19.0,24.0,29.0,40.0,inferred
Wokingham,2020-10-22,11.0,19.0,24.0,29.0,41.0,inferred
Wokingham,2020-10-23,11.0,18.0,23.0,29.0,41.0,inferred
Wokingham,2020-10-24,11.0,19.0,23.0,29.0,40.0,inferred
Wokingham,2020-10-25,11.0,18.8,23.0,29.0,41.0,inferred
Wokingham,2020-10-26,11.0,19.0,24.0,30.0,41.0,inferred
Wokingham,2020-10-27,11.0,19.0,24.0,30.0,44.0,inferred
Wokingham,2020-10-28,11.0,19.0,24.5,31.0,46.0,inferred
Wokingham,2020-10-29,11.0,20.0,25.0,31.0,47.0,inferred
Wokingham,2020-10-30,12.0,20.0,26.0,32.0,49.0,inferred
Worcester,2020-08-01,0.0,0.0,0.0,1.0,3.0,inferred
Worcester,2020-08-02,0.0,0.0,0.0,1.0,3.0,inferred
Worcester,2020-08-03,0.0,0.0,0.0,1.0,4.0,inferred
Worcester,2020-08-04,0.0,0.0,0.0,1.0,4.0,inferred
Worcester,2020-08-05,0.0,0.0,0.0,1.0,4.0,inferred
Worcester,2020-08-06,0.0,0.0,0.0,1.0,4.0,inferred
Worcester,2020-08-07,0.0,0.0,0.0,1.0,4.0,inferred
Worcester,2020-08-08,0.0,0.0,0.0,1.0,4.0,inferred
Worcester,2020-08-09,0.0,0.0,0.0,1.0,4.0,inferred
Worcester,2020-08-10,0.0,0.0,0.0,1.0,4.0,inferred
Worcester,2020-08-11,0.0,0.0,0.0,1.0,4.0,inferred
Worcester,2020-08-12,0.0,0.0,0.0,1.0,4.0,inferred
Worcester,2020-08-13,0.0,0.0,0.0,1.0,4.0,inferred
Worcester,2020-08-14,0.0,0.0,0.0,1.0,4.0,inferred
Worcester,2020-08-15,0.0,0.0,0.0,1.0,5.0,inferred
Worcester,2020-08-16,0.0,0.0,0.0,1.0,5.0,inferred
Worcester,2020-08-17,0.0,0.0,0.0,1.0,4.0,inferred
Worcester,2020-08-18,0.0,0.0,0.0,1.0,5.0,inferred
Worcester,2020-08-19,0.0,0.0,0.0,1.0,5.0,inferred
Worcester,2020-08-20,0.0,0.0,0.0,1.0,4.0,inferred
Worcester,2020-08-21,0.0,0.0,0.0,1.0,5.0,inferred
Worcester,2020-08-22,0.0,0.0,0.0,1.0,5.0,inferred
Worcester,2020-08-23,0.0,0.0,0.0,1.0,5.0,inferred
Worcester,2020-08-24,0.0,0.0,0.0,1.0,5.0,inferred
Worcester,2020-08-25,0.0,0.0,0.0,1.0,5.0,inferred
Worcester,2020-08-26,0.0,0.0,1.0,2.0,5.0,inferred
Worcester,2020-08-27,0.0,0.0,1.0,2.0,5.0,inferred
Worcester,2020-08-28,0.0,0.0,1.0,2.0,6.0,inferred
Worcester,2020-08-29,0.0,0.0,1.0,2.0,6.0,inferred
Worcester,2020-08-30,0.0,0.0,1.0,2.0,6.0,inferred
Worcester,2020-08-31,0.0,0.0,1.0,3.0,7.0,inferred
Worcester,2020-09-01,0.0,0.0,1.0,3.0,7.0,inferred
Worcester,2020-09-02,0.0,0.0,1.0,3.0,7.0,inferred
Worcester,2020-09-03,0.0,0.0,1.0,3.0,7.0,inferred
Worcester,2020-09-04,0.0,1.0,2.0,3.0,8.0,inferred
Worcester,2020-09-05,0.0,1.0,2.0,3.0,7.0,inferred
Worcester,2020-09-06,0.0,1.0,2.0,3.0,8.0,inferred
Worcester,2020-09-07,0.0,1.0,2.0,4.0,8.0,inferred
Worcester,2020-09-08,0.0,1.0,2.0,4.0,8.0,inferred
Worcester,2020-09-09,0.0,1.0,2.0,4.0,8.0,inferred
Worcester,2020-09-10,0.0,1.0,2.0,4.0,8.0,inferred
Worcester,2020-09-11,0.0,1.0,2.0,4.0,9.0,inferred
Worcester,2020-09-12,0.0,1.0,2.0,4.0,9.0,inferred
Worcester,2020-09-13,0.0,1.0,2.0,4.0,9.0,inferred
Worcester,2020-09-14,0.0,1.0,3.0,4.0,10.0,inferred
Worcester,2020-09-15,0.0,1.0,3.0,5.0,10.0,inferred
Worcester,2020-09-16,0.0,2.0,3.0,5.0,10.0,inferred
Worcester,2020-09-17,0.0,2.0,4.0,6.0,11.0,inferred
Worcester,2020-09-18,0.0,2.0,4.0,6.0,12.0,inferred
Worcester,2020-09-19,0.0,2.0,4.0,7.0,12.0,inferred
Worcester,2020-09-20,0.0,3.0,4.0,7.0,13.0,inferred
Worcester,2020-09-21,0.0,3.0,5.0,7.0,14.0,inferred
Worcester,2020-09-22,1.0,3.0,5.0,8.0,14.0,inferred
Worcester,2020-09-23,1.0,4.0,6.0,8.0,14.0,inferred
Worcester,2020-09-24,1.0,4.0,6.0,9.0,16.0,inferred
Worcester,2020-09-25,1.0,4.0,7.0,9.0,15.0,inferred
Worcester,2020-09-26,1.0,4.0,7.0,10.0,16.0,inferred
Worcester,2020-09-27,1.0,5.0,7.0,10.0,17.0,inferred
Worcester,2020-09-28,2.0,5.0,7.0,10.0,17.0,inferred
Worcester,2020-09-29,2.0,5.0,8.0,11.0,18.0,inferred
Worcester,2020-09-30,2.0,6.0,8.0,11.0,19.0,inferred
Worcester,2020-10-01,3.0,6.0,9.0,12.0,19.0,inferred
Worcester,2020-10-02,3.0,6.0,9.0,12.0,20.0,inferred
Worcester,2020-10-03,3.0,7.0,9.0,13.0,20.0,inferred
Worcester,2020-10-04,3.0,7.0,10.0,13.0,21.0,inferred
Worcester,2020-10-05,3.0,7.0,10.0,14.0,22.0,inferred
Worcester,2020-10-06,3.0,8.0,11.0,14.0,23.0,inferred
Worcester,2020-10-07,3.0,8.0,11.0,14.0,23.0,inferred
Worcester,2020-10-08,4.0,8.0,11.0,15.0,23.0,inferred
Worcester,2020-10-09,4.0,8.0,11.0,15.0,22.0,inferred
Worcester,2020-10-10,4.0,8.0,12.0,15.0,24.0,inferred
Worcester,2020-10-11,4.0,9.0,12.0,15.0,23.0,inferred
Worcester,2020-10-12,4.0,9.0,12.0,16.0,24.0,inferred
Worcester,2020-10-13,4.0,9.0,13.0,16.0,25.0,inferred
Worcester,2020-10-14,4.0,10.0,13.0,17.0,26.0,inferred
Worcester,2020-10-15,5.0,10.0,14.0,18.0,26.0,inferred
Worcester,2020-10-16,5.0,11.0,14.0,18.0,28.0,inferred
Worcester,2020-10-17,6.0,12.0,15.0,20.0,29.0,inferred
Worcester,2020-10-18,6.0,12.8,16.0,21.0,30.0,inferred
Worcester,2020-10-19,7.0,13.0,17.0,22.0,33.0,inferred
Worcester,2020-10-20,8.0,14.0,18.0,23.0,34.0,inferred
Worcester,2020-10-21,8.0,15.0,19.0,24.0,36.0,inferred
Worcester,2020-10-22,9.0,15.0,20.0,25.0,36.0,inferred
Worcester,2020-10-23,9.0,16.0,20.0,26.0,37.0,inferred
Worcester,2020-10-24,9.0,16.0,21.0,26.0,37.0,inferred
Worcester,2020-10-25,10.0,17.0,22.0,27.0,38.0,inferred
Worcester,2020-10-26,10.0,18.0,22.0,28.0,39.0,inferred
Worcester,2020-10-27,11.0,18.0,23.0,28.0,40.0,inferred
Worcester,2020-10-28,11.0,19.0,23.0,29.0,41.0,inferred
Worcester,2020-10-29,11.0,19.0,24.0,29.0,41.0,inferred
Worcester,2020-10-30,12.0,20.0,25.0,30.0,42.0,inferred
Wychavon,2020-08-01,0.0,0.0,1.0,2.0,5.0,inferred
Wychavon,2020-08-02,0.0,0.0,1.0,2.0,6.0,inferred
Wychavon,2020-08-03,0.0,0.0,1.0,2.0,6.0,inferred
Wychavon,2020-08-04,0.0,0.0,1.0,3.0,7.0,inferred
Wychavon,2020-08-05,0.0,0.0,1.0,2.0,6.0,inferred
Wychavon,2020-08-06,0.0,0.0,1.0,2.0,6.0,inferred
Wychavon,2020-08-07,0.0,0.0,1.0,2.0,6.0,inferred
Wychavon,2020-08-08,0.0,0.0,0.0,1.0,5.0,inferred
Wychavon,2020-08-09,0.0,0.0,0.0,1.0,5.0,inferred
Wychavon,2020-08-10,0.0,0.0,0.0,1.0,5.0,inferred
Wychavon,2020-08-11,0.0,0.0,1.0,2.0,5.0,inferred
Wychavon,2020-08-12,0.0,0.0,1.0,2.0,6.0,inferred
Wychavon,2020-08-13,0.0,0.0,1.0,2.0,5.0,inferred
Wychavon,2020-08-14,0.0,0.0,1.0,2.0,6.0,inferred
Wychavon,2020-08-15,0.0,0.0,1.0,2.0,6.0,inferred
Wychavon,2020-08-16,0.0,0.0,1.0,2.0,6.0,inferred
Wychavon,2020-08-17,0.0,0.0,1.0,2.0,6.0,inferred
Wychavon,2020-08-18,0.0,0.0,1.0,2.0,6.0,inferred
Wychavon,2020-08-19,0.0,0.0,1.0,2.0,6.0,inferred
Wychavon,2020-08-20,0.0,0.0,1.0,2.0,6.0,inferred
Wychavon,2020-08-21,0.0,0.0,1.0,2.0,6.0,inferred
Wychavon,2020-08-22,0.0,0.0,1.0,2.0,6.0,inferred
Wychavon,2020-08-23,0.0,0.0,1.0,2.0,6.0,inferred
Wychavon,2020-08-24,0.0,0.0,1.0,2.0,6.0,inferred
Wychavon,2020-08-25,0.0,0.0,1.0,2.0,6.0,inferred
Wychavon,2020-08-26,0.0,0.0,1.0,2.0,6.0,inferred
Wychavon,2020-08-27,0.0,0.0,1.0,2.0,6.0,inferred
Wychavon,2020-08-28,0.0,0.0,1.0,2.0,6.0,inferred
Wychavon,2020-08-29,0.0,0.0,1.0,3.0,7.0,inferred
Wychavon,2020-08-30,0.0,0.0,1.0,3.0,7.0,inferred
Wychavon,2020-08-31,0.0,1.0,2.0,3.0,8.0,inferred
Wychavon,2020-09-01,0.0,1.0,2.0,4.0,8.0,inferred
Wychavon,2020-09-02,0.0,1.0,2.0,4.0,9.0,inferred
Wychavon,2020-09-03,0.0,1.0,3.0,5.0,10.0,inferred
Wychavon,2020-09-04,0.0,2.0,3.0,5.0,11.0,inferred
Wychavon,2020-09-05,0.0,2.0,4.0,6.0,11.0,inferred
Wychavon,2020-09-06,0.0,2.0,4.0,6.0,11.0,inferred
Wychavon,2020-09-07,0.0,2.0,4.0,6.0,11.0,inferred
Wychavon,2020-09-08,0.0,2.0,4.0,6.0,11.0,inferred
Wychavon,2020-09-09,0.0,2.0,4.0,6.0,11.0,inferred
Wychavon,2020-09-10,0.0,2.0,3.0,5.0,11.0,inferred
Wychavon,2020-09-11,0.0,1.0,3.0,5.0,10.0,inferred
Wychavon,2020-09-12,0.0,1.0,3.0,4.0,10.0,inferred
Wychavon,2020-09-13,0.0,1.0,2.0,4.0,9.0,inferred
Wychavon,2020-09-14,0.0,1.0,2.0,4.0,9.0,inferred
Wychavon,2020-09-15,0.0,1.0,3.0,5.0,10.0,inferred
Wychavon,2020-09-16,0.0,2.0,3.0,5.0,11.0,inferred
Wychavon,2020-09-17,0.0,2.0,4.0,6.0,12.0,inferred
Wychavon,2020-09-18,0.0,3.0,4.0,7.0,13.0,inferred
Wychavon,2020-09-19,1.0,3.0,5.0,8.0,13.0,inferred
Wychavon,2020-09-20,1.0,3.0,6.0,8.0,14.0,inferred
Wychavon,2020-09-21,1.0,4.0,6.0,9.0,15.0,inferred
Wychavon,2020-09-22,1.0,4.0,6.0,9.0,16.0,inferred
Wychavon,2020-09-23,1.0,4.0,6.0,9.0,15.0,inferred
Wychavon,2020-09-24,1.0,4.0,7.0,9.0,17.0,inferred
Wychavon,2020-09-25,1.0,5.0,7.0,10.0,17.0,inferred
Wychavon,2020-09-26,1.0,5.0,7.0,10.0,17.0,inferred
Wychavon,2020-09-27,2.0,6.0,8.0,11.0,19.0,inferred
Wychavon,2020-09-28,2.0,6.0,9.0,12.0,19.0,inferred
Wychavon,2020-09-29,2.0,6.0,9.0,13.0,21.0,inferred
Wychavon,2020-09-30,2.0,7.0,10.0,13.0,21.0,inferred
Wychavon,2020-10-01,3.0,7.0,10.0,13.0,21.0,inferred
Wychavon,2020-10-02,2.0,7.0,10.0,13.0,21.0,inferred
Wychavon,2020-10-03,3.0,7.0,10.0,14.0,21.0,inferred
Wychavon,2020-10-04,3.0,7.0,11.0,14.0,23.0,inferred
Wychavon,2020-10-05,3.0,8.0,11.0,15.0,25.0,inferred
Wychavon,2020-10-06,3.0,8.0,12.0,16.0,26.0,inferred
Wychavon,2020-10-07,3.0,9.0,12.0,16.0,26.0,inferred
Wychavon,2020-10-08,4.0,9.0,12.0,16.0,26.0,inferred
Wychavon,2020-10-09,4.0,9.0,13.0,17.0,26.0,inferred
Wychavon,2020-10-10,4.0,10.0,14.0,18.0,27.0,inferred
Wychavon,2020-10-11,5.0,11.0,15.0,19.0,29.0,inferred
Wychavon,2020-10-12,5.0,11.0,15.0,19.0,29.0,inferred
Wychavon,2020-10-13,6.0,11.0,15.0,20.0,29.0,inferred
Wychavon,2020-10-14,5.0,11.0,15.0,19.0,30.0,inferred
Wychavon,2020-10-15,6.0,12.0,16.0,20.0,30.0,inferred
Wychavon,2020-10-16,7.0,13.0,17.0,22.0,32.0,inferred
Wychavon,2020-10-17,8.0,14.0,18.0,23.0,32.0,inferred
Wychavon,2020-10-18,9.0,15.0,20.0,24.0,35.0,inferred
Wychavon,2020-10-19,9.0,16.0,21.0,25.0,36.0,inferred
Wychavon,2020-10-20,9.0,17.0,21.0,26.0,37.0,inferred
Wychavon,2020-10-21,10.0,17.0,21.0,26.0,38.0,inferred
Wychavon,2020-10-22,10.0,18.0,22.0,27.0,38.0,inferred
Wychavon,2020-10-23,10.0,17.0,22.0,28.0,40.0,inferred
Wychavon,2020-10-24,10.0,18.0,23.0,28.0,41.0,inferred
Wychavon,2020-10-25,10.0,18.0,23.0,28.0,41.0,inferred
Wychavon,2020-10-26,11.0,18.0,24.0,29.0,41.0,inferred
Wychavon,2020-10-27,11.0,19.0,24.0,30.0,43.0,inferred
Wychavon,2020-10-28,11.0,20.0,25.0,31.2,46.0,inferred
Wychavon,2020-10-29,11.0,20.0,26.0,33.0,47.0,inferred
Wychavon,2020-10-30,12.0,20.0,26.0,33.0,49.0,inferred
Wyre Forest,2020-08-01,0.0,0.0,0.0,0.0,0.0,inferred
Wyre Forest,2020-08-02,0.0,0.0,0.0,0.0,0.0,inferred
Wyre Forest,2020-08-03,0.0,0.0,0.0,0.0,0.0,inferred
Wyre Forest,2020-08-04,0.0,0.0,0.0,0.0,0.0,inferred
Wyre Forest,2020-08-05,0.0,0.0,0.0,0.0,0.0,inferred
Wyre Forest,2020-08-06,0.0,0.0,0.0,0.0,1.0,inferred
Wyre Forest,2020-08-07,0.0,0.0,0.0,0.0,1.0,inferred
Wyre Forest,2020-08-08,0.0,0.0,0.0,0.0,2.0,inferred
Wyre Forest,2020-08-09,0.0,0.0,0.0,0.0,2.0,inferred
Wyre Forest,2020-08-10,0.0,0.0,0.0,0.0,3.0,inferred
Wyre Forest,2020-08-11,0.0,0.0,0.0,0.0,3.0,inferred
Wyre Forest,2020-08-12,0.0,0.0,0.0,1.0,4.0,inferred
Wyre Forest,2020-08-13,0.0,0.0,0.0,1.0,3.0,inferred
Wyre Forest,2020-08-14,0.0,0.0,0.0,1.0,4.0,inferred
Wyre Forest,2020-08-15,0.0,0.0,0.0,1.0,4.0,inferred
Wyre Forest,2020-08-16,0.0,0.0,0.0,1.0,4.0,inferred
Wyre Forest,2020-08-17,0.0,0.0,0.0,1.0,5.0,inferred
Wyre Forest,2020-08-18,0.0,0.0,1.0,2.0,5.0,inferred
Wyre Forest,2020-08-19,0.0,0.0,1.0,2.0,5.0,inferred
Wyre Forest,2020-08-20,0.0,0.0,1.0,2.0,5.0,inferred
Wyre Forest,2020-08-21,0.0,0.0,1.0,2.0,5.0,inferred
Wyre Forest,2020-08-22,0.0,0.0,1.0,2.0,5.0,inferred
Wyre Forest,2020-08-23,0.0,0.0,1.0,2.0,6.0,inferred
Wyre Forest,2020-08-24,0.0,0.0,1.0,2.0,6.0,inferred
Wyre Forest,2020-08-25,0.0,0.0,1.0,2.0,6.0,inferred
Wyre Forest,2020-08-26,0.0,0.0,1.0,2.0,6.0,inferred
Wyre Forest,2020-08-27,0.0,0.0,1.0,3.0,7.0,inferred
Wyre Forest,2020-08-28,0.0,0.0,1.0,2.0,6.0,inferred
Wyre Forest,2020-08-29,0.0,0.0,1.0,2.0,6.0,inferred
Wyre Forest,2020-08-30,0.0,0.0,1.0,2.0,6.0,inferred
Wyre Forest,2020-08-31,0.0,0.0,1.0,2.0,6.0,inferred
Wyre Forest,2020-09-01,0.0,0.0,1.0,2.0,6.0,inferred
Wyre Forest,2020-09-02,0.0,0.0,1.0,3.0,7.0,inferred
Wyre Forest,2020-09-03,0.0,0.0,1.0,3.0,7.0,inferred
Wyre Forest,2020-09-04,0.0,1.0,2.0,3.0,7.0,inferred
Wyre Forest,2020-09-05,0.0,1.0,2.0,4.0,8.0,inferred
Wyre Forest,2020-09-06,0.0,1.0,2.0,4.0,8.0,inferred
Wyre Forest,2020-09-07,0.0,1.0,3.0,4.0,9.0,inferred
Wyre Forest,2020-09-08,0.0,1.0,3.0,5.0,10.0,inferred
Wyre Forest,2020-09-09,0.0,1.0,3.0,5.0,9.0,inferred
Wyre Forest,2020-09-10,0.0,2.0,3.0,5.0,10.0,inferred
Wyre Forest,2020-09-11,0.0,2.0,3.0,5.0,10.0,inferred
Wyre Forest,2020-09-12,0.0,2.0,3.0,5.0,10.0,inferred
Wyre Forest,2020-09-13,0.0,2.0,3.0,5.0,11.0,inferred
Wyre Forest,2020-09-14,0.0,2.0,4.0,6.0,11.0,inferred
Wyre Forest,2020-09-15,0.0,2.0,4.0,6.0,12.0,inferred
Wyre Forest,2020-09-16,0.0,2.0,4.0,6.0,12.0,inferred
Wyre Forest,2020-09-17,0.0,2.0,4.0,6.0,12.0,inferred
Wyre Forest,2020-09-18,0.0,3.0,4.0,7.0,13.0,inferred
Wyre Forest,2020-09-19,0.0,3.0,5.0,7.0,13.0,inferred
Wyre Forest,2020-09-20,1.0,3.0,5.0,8.0,15.0,inferred
Wyre Forest,2020-09-21,1.0,4.0,6.0,8.0,15.0,inferred
Wyre Forest,2020-09-22,1.0,4.0,6.0,9.0,16.0,inferred
Wyre Forest,2020-09-23,1.0,4.0,6.0,9.0,15.0,inferred
Wyre Forest,2020-09-24,1.0,4.0,7.0,9.0,16.0,inferred
Wyre Forest,2020-09-25,1.0,5.0,7.0,10.0,17.0,inferred
Wyre Forest,2020-09-26,1.0,5.0,7.0,10.0,18.0,inferred
Wyre Forest,2020-09-27,2.0,5.0,8.0,11.0,18.0,inferred
Wyre Forest,2020-09-28,2.0,5.0,8.0,11.0,19.0,inferred
Wyre Forest,2020-09-29,2.0,6.0,9.0,12.0,19.0,inferred
Wyre Forest,2020-09-30,2.0,7.0,10.0,13.0,21.0,inferred
Wyre Forest,2020-10-01,3.0,7.0,10.0,14.0,22.0,inferred
Wyre Forest,2020-10-02,3.0,7.0,11.0,14.0,23.0,inferred
Wyre Forest,2020-10-03,3.0,8.0,11.0,15.0,24.0,inferred
Wyre Forest,2020-10-04,4.0,8.0,11.0,15.0,24.0,inferred
Wyre Forest,2020-10-05,4.0,9.0,12.0,15.0,24.0,inferred
Wyre Forest,2020-10-06,4.0,9.0,12.0,16.0,24.0,inferred
Wyre Forest,2020-10-07,4.0,9.0,12.0,16.0,24.0,inferred
Wyre Forest,2020-10-08,5.0,10.0,13.0,17.0,25.0,inferred
Wyre Forest,2020-10-09,5.0,10.0,13.0,17.0,26.0,inferred
Wyre Forest,2020-10-10,5.0,10.0,13.0,17.0,26.0,inferred
Wyre Forest,2020-10-11,5.0,10.0,13.0,17.0,26.0,inferred
Wyre Forest,2020-10-12,5.0,10.0,13.0,17.0,26.0,inferred
Wyre Forest,2020-10-13,5.0,10.0,13.0,17.0,26.0,inferred
Wyre Forest,2020-10-14,5.0,10.0,14.0,18.0,27.0,inferred
Wyre Forest,2020-10-15,5.0,10.0,14.0,18.0,27.0,inferred
Wyre Forest,2020-10-16,6.0,11.0,15.0,19.0,28.0,inferred
Wyre Forest,2020-10-17,6.0,12.0,15.0,19.0,29.0,inferred
Wyre Forest,2020-10-18,7.0,13.0,17.0,21.0,30.0,inferred
Wyre Forest,2020-10-19,8.0,14.0,17.0,22.0,31.0,inferred
Wyre Forest,2020-10-20,8.0,14.0,18.0,23.0,33.0,inferred
Wyre Forest,2020-10-21,9.0,15.0,19.0,24.0,34.0,inferred
Wyre Forest,2020-10-22,9.0,15.0,19.0,24.0,34.0,inferred
Wyre Forest,2020-10-23,9.0,16.0,20.0,25.0,35.0,inferred
Wyre Forest,2020-10-24,10.0,16.0,21.0,26.0,36.0,inferred
Wyre Forest,2020-10-25,11.0,18.0,22.0,27.0,38.0,inferred
Wyre Forest,2020-10-26,12.0,19.0,24.0,29.0,40.0,inferred
Wyre Forest,2020-10-27,13.0,21.0,26.0,31.0,43.0,inferred
Wyre Forest,2020-10-28,13.0,22.0,28.0,33.0,46.0,inferred
Wyre Forest,2020-10-29,14.0,23.0,29.0,35.0,50.0,inferred
Wyre Forest,2020-10-30,15.0,25.0,31.0,37.0,51.0,inferred
